0
16
192
208
224
240
256
272
0
16
32
192
208
224
240
256
272
288
304
320
16
32
48
240
256
272
288
304
320
336
352
368
32
48
64
288
304
320
336
352
368
384
400
416
48
64
80
336
352
368
384
400
416
432
448
464
64
80
96
384
400
416
432
448
464
480
496
512
80
96
112
432
448
464
480
496
512
528
544
560
96
112
128
480
496
512
528
544
560
576
592
608
112
128
144
528
544
560
576
592
608
624
640
656
128
144
160
576
592
608
624
640
656
672
688
704
144
160
176
624
640
656
672
688
704
720
736
752
160
176
192
672
688
704
720
736
752
768
0
16
176
192
208
240
736
768
0
16
192
208
224
240
256
0
16
208
224
240
256
272
0
16
32
192
208
224
240
256
272
288
0
16
32
208
224
240
256
272
288
304
0
16
32
224
240
256
272
288
304
320
16
32
48
240
256
272
288
304
320
336
16
32
48
256
272
288
304
320
336
352
16
32
48
272
288
304
320
336
352
368
32
48
64
288
304
320
336
352
368
384
32
48
64
304
320
336
352
368
384
400
32
48
64
320
336
352
368
384
400
416
48
64
80
336
352
368
384
400
416
432
48
64
80
352
368
384
400
416
432
448
48
64
80
368
384
400
416
432
448
464
64
80
96
384
400
416
432
448
464
480
64
80
96
400
416
432
448
464
480
496
64
80
96
416
432
448
464
480
496
512
80
96
112
432
448
464
480
496
512
528
80
96
112
448
464
480
496
512
528
544
80
96
112
464
480
496
512
528
544
560
96
112
128
480
496
512
528
544
560
576
96
112
128
496
512
528
544
560
576
592
96
112
128
512
528
544
560
576
592
608
112
128
144
528
544
560
576
592
608
624
112
128
144
544
560
576
592
608
624
640
112
128
144
560
576
592
608
624
640
656
128
144
160
576
592
608
624
640
656
672
128
144
160
592
608
624
640
656
672
688
128
144
160
608
624
640
656
672
688
704
144
160
176
624
640
656
672
688
704
720
144
160
176
640
656
672
688
704
720
736
144
160
176
656
672
688
704
720
736
752
160
176
672
688
704
720
736
752
768
160
176
192
688
704
720
736
752
768
160
176
704
720
736
752
768
176
192
720
736
752
768
