0.0000000000
32.0000000000
48.0000000000
64.0000000000
80.0000000000
0.0000000000
48.0000000000
64.0000000000
80.0000000000
0.0000000000
16.0000000000
48.0000000000
64.0000000000
80.0000000000
96.0000000000
16.0000000000
64.0000000000
80.0000000000
96.0000000000
112.0000000000
16.0000000000
96.0000000000
112.0000000000
128.0000000000
16.0000000000
112.0000000000
128.0000000000
144.0000000000
32.0000000000
128.0000000000
144.0000000000
160.0000000000
32.0000000000
144.0000000000
160.0000000000
176.0000000000
160.0000000000
176.0000000000
