0
208
224
0
16
224
240
256
272
0
16
32
192
208
240
256
288
0
16
208
240
256
0
16
32
208
224
240
256
272
288
304
32
48
64
288
320
336
368
32
48
64
304
336
352
368
384
64
80
384
416
448
464
64
80
96
416
448
464
480
496
96
112
128
480
512
528
560
96
112
128
496
512
544
560
576
592
112
128
144
544
576
592
624
128
144
160
576
608
640
656
688
128
144
160
576
608
624
656
144
160
176
624
656
672
704
160
176
672
704
720
752
160
176
192
688
720
736
752
768
160
176
192
688
720
736
768
176
720
752
48
64
352
384
400
0
16
192
208
224
240
0
16
32
208
224
240
256
272
0
16
32
192
224
240
256
272
288
304
320
16
32
48
240
256
272
288
304
320
336
352
16
32
48
256
272
304
320
336
352
368
32
48
64
288
304
320
352
368
384
400
48
64
80
336
352
368
384
400
416
432
48
64
80
352
368
384
400
416
432
448
48
64
80
96
368
384
400
416
432
448
464
480
64
80
96
400
432
448
464
480
496
512
80
96
112
432
448
464
480
512
528
80
96
112
448
464
480
496
512
528
544
560
96
112
128
144
480
496
512
528
544
560
576
608
112
128
144
528
544
560
576
592
608
624
112
128
144
160
544
560
592
608
624
640
656
672
128
144
160
176
592
608
624
640
656
672
688
704
720
144
160
176
640
656
672
688
704
720
736
160
176
192
672
704
720
736
752
768
0
16
32
176
192
224
240
272
720
736
752
768
16
32
240
256
272
288
304
320
16
32
48
64
256
288
304
320
336
352
368
384
32
48
64
304
320
336
352
368
400
416
64
80
96
368
384
400
416
432
448
480
496
64
80
96
400
416
432
448
464
496
512
80
96
112
432
448
464
480
496
512
528
96
112
480
496
512
528
544
576
96
112
128
496
512
528
544
560
576
592
128
144
528
560
576
592
608
624
640
128
144
160
576
592
624
640
672
128
144
160
176
592
640
656
672
688
704
720
144
160
176
192
640
656
672
688
704
720
736
752
768
160
176
192
688
704
736
752
768
