2
225
3
228
210
211
214
215
216
217
218
221
222
223
782
783
5
227
229
231
232
233
234
235
236
266
267
239
17
274
273
784
6
198
7
8
9
10
205
206
243
244
245
22
248
249
250
251
11
256
257
260
261
262
263
12
212
213
219
220
254
255
785
786
23
24
25
26
252
253
27
258
259
264
265
270
28
29
787
788
49
327
328
332
333
334
335
336
50
51
52
338
339
337
789
790
53
386
387
344
54
55
56
345
346
347
382
383
350
352
353
351
79
420
421
423
424
425
426
427
428
429
458
459
460
461
80
464
89
450
451
456
488
489
490
91
92
465
466
93
94
791
792
793
114
535
522
523
528
529
115
116
562
534
567
568
569
572
573
794
121
546
547
552
553
558
122
123
124
125
126
559
795
796
797
798
134
135
136
588
589
584
585
586
587
590
591
592
593
799
800
801
143
652
653
144
656
657
157
158
655
660
661
698
699
802
803
804
145
618
619
620
625
658
659
146
624
147
148
630
631
805
806
807
160
161
674
675
162
163
164
663
664
665
668
669
670
671
808
809
178
711
712
713
716
717
718
719
720
721
179
180
722
723
810
811
181
727
728
182
183
184
729
730
731
732
733
726
812
813
814
815
185
736
737
738
740
741
742
744
735
186
187
734
703
816
817
818
189
765
755
756
757
758
759
760
761
762
763
764
190
819
820
821
367
398
399
400
401
404
405
406
407
392
393
394
395
822
823
824
0
194
195
196
197
199
200
201
202
204
1
203
207
208
209
4
224
226
13
14
15
268
269
16
272
18
240
241
275
19
246
247
20
21
30
271
276
277
314
315
31
32
320
33
322
282
316
317
34
288
35
36
290
294
295
291
286
37
301
300
38
39
40
41
42
43
44
45
312
313
318
46
321
319
47
324
325
330
331
364
362
363
368
365
48
57
354
355
360
361
58
59
60
61
366
62
411
372
373
63
64
65
66
384
385
67
68
390
391
69
70
71
72
73
74
396
397
75
448
449
402
403
408
409
446
447
76
416
77
78
412
414
81
430
431
432
82
83
84
433
434
435
85
438
86
439
87
88
90
462
463
496
495
500
501
502
503
95
96
97
482
98
99
100
483
478
479
480
481
101
102
103
486
487
492
493
532
104
105
504
106
505
107
108
109
510
110
511
111
516
517
554
555
556
557
112
560
561
113
117
129
130
578
118
119
120
540
574
575
127
128
608
610
132
570
571
604
605
131
576
577
133
582
583
139
140
141
606
137
138
594
595
600
601
142
607
149
150
151
642
643
152
153
154
155
648
649
654
156
159
704
666
667
700
165
166
167
168
684
685
169
696
170
697
171
172
173
702
174
672
705
706
175
714
751
176
177
753
188
752
749
750
191
768
769
770
775
766
767
192
193
772
774
745
777
230
242
237
238
278
279
280
281
285
284
283
323
287
289
292
293
296
297
298
299
302
303
304
305
308
309
310
311
306
307
326
329
340
341
342
343
348
388
349
389
356
357
358
359
369
370
371
374
375
376
377
380
381
378
418
379
410
413
417
415
419
422
436
437
440
441
442
443
444
445
452
457
453
454
455
467
474
514
475
468
512
469
506
507
508
509
470
471
472
473
476
477
484
485
491
494
497
498
537
538
499
513
515
518
519
520
521
524
525
526
527
530
531
533
536
541
539
542
544
545
548
549
550
551
543
563
564
565
596
599
597
598
602
603
566
579
580
581
609
611
612
650
651
613
614
617
615
616
621
622
626
627
623
628
629
632
640
641
633
634
635
638
639
636
676
637
677
644
645
646
647
662
673
678
679
680
681
682
683
686
687
688
689
690
691
692
693
694
695
701
707
708
709
747
748
746
710
715
724
725
739
743
754
771
773
776
778
779
780
781
825
826
827
828
829
830
831
