0.0000000000
256.0000000000
272.0000000000
288.0000000000
304.0000000000
320.0000000000
336.0000000000
352.0000000000
368.0000000000
384.0000000000
400.0000000000
416.0000000000
432.0000000000
448.0000000000
464.0000000000
480.0000000000
496.0000000000
512.0000000000
528.0000000000
544.0000000000
560.0000000000
576.0000000000
592.0000000000
608.0000000000
624.0000000000
640.0000000000
656.0000000000
672.0000000000
688.0000000000
704.0000000000
720.0000000000
736.0000000000
752.0000000000
768.0000000000
16.0000000000
272.0000000000
288.0000000000
304.0000000000
32.0000000000
304.0000000000
320.0000000000
336.0000000000
48.0000000000
336.0000000000
352.0000000000
368.0000000000
64.0000000000
368.0000000000
384.0000000000
400.0000000000
80.0000000000
400.0000000000
416.0000000000
432.0000000000
96.0000000000
432.0000000000
448.0000000000
464.0000000000
112.0000000000
464.0000000000
480.0000000000
496.0000000000
128.0000000000
496.0000000000
512.0000000000
528.0000000000
144.0000000000
528.0000000000
544.0000000000
560.0000000000
160.0000000000
560.0000000000
576.0000000000
592.0000000000
176.0000000000
592.0000000000
608.0000000000
624.0000000000
192.0000000000
624.0000000000
640.0000000000
656.0000000000
208.0000000000
656.0000000000
672.0000000000
688.0000000000
224.0000000000
688.0000000000
704.0000000000
720.0000000000
240.0000000000
720.0000000000
736.0000000000
752.0000000000
256.0000000000
752.0000000000
768.0000000000
