0
1
2
3
5
7
8
11
13
16
19
23
27
31
35
40
45
50
55
60
66
72
77
85
93
102
109
117
125
133
141
150
159
169
179
190
200
211
222
233
245
258
269
280
293
306
319
331
344
358
373
386
400
415
430
444
459
475
490
506
522
540
559
578
597
616
635
652
669
687
705
726
746
767
784
803
822
845
868
891
916
938
961
981
1006
1031
1053
1075
1101
1126
1153
1177
1201
1227
1253
1279
1305
1331
1356
1384
1415
1443
1471
1500
1528
1560
1592
1623
1655
1683
1712
1741
1770
1801
1833
1866
1900
1932
1969
2002
2033
2065
2098
2133
2167
2205
