0
6
6
6
6
6
6
6
3
5
7
8
9
9
9
9
1
4
6
11
14
14
14
14
3
6
7
12
14
18
19
25
29
29
29
29
29
29
29
29
0
2
3
4
7
10
14
16
19
22
27
28
31
35
36
36
2
15
18
19
23
28
35
37
1
2
9
12
17
22
26
27
30
31
34
37
38
40
43
44
45
45
45
45
45
45
45
45
1
6
10
12
13
15
22
23
25
27
34
35
43
48
49
56
0
1
2
7
8
12
17
19
27
30
31
37
39
41
55
58
59
67
67
67
67
67
67
67
5
7
10
16
18
21
24
30
34
36
40
45
49
51
54
56
58
59
60
61
63
71
76
78
1
2
3
5
10
11
14
16
22
31
32
35
36
37
44
48
50
52
57
64
66
69
70
78
83
86
86
86
86
86
86
86
2
5
6
7
8
19
20
23
26
27
29
30
31
32
33
42
48
49
52
59
60
64
65
68
69
72
79
79
79
79
79
79
1
8
12
15
19
21
29
30
31
38
40
41
45
46
49
50
51
52
53
60
64
66
71
74
77
78
85
88
93
96
97
97
1
4
5
14
19
20
22
26
27
28
32
34
40
43
49
53
54
60
65
66
67
69
70
83
94
96
96
96
96
96
96
96
1
8
9
10
19
22
23
25
30
31
33
42
43
46
48
50
52
56
59
68
70
78
79
86
88
90
98
99
100
105
109
112
116
116
116
116
116
116
116
116
1
4
8
17
22
24
28
32
37
38
39
42
45
50
59
62
65
71
72
84
85
86
87
90
91
92
94
102
107
113
114
116
117
117
117
117
117
117
117
117
0
6
8
9
11
16
26
27
28
38
40
44
46
51
53
55
56
61
66
73
75
81
91
93
95
98
99
101
103
111
113
114
115
119
122
123
128
129
133
133
3
10
21
27
32
34
37
41
44
47
54
66
67
72
74
75
78
85
87
90
96
97
98
103
108
109
114
115
122
123
124
127
128
129
132
135
135
135
135
135
7
9
10
12
16
25
31
34
39
51
53
59
60
64
67
68
72
75
79
80
83
86
87
91
93
95
105
107
116
125
135
141
142
143
144
146
147
147
147
147
5
9
10
15
16
17
18
20
26
27
31
38
46
47
49
55
59
60
63
64
65
84
85
86
87
89
92
93
94
99
101
102
105
113
121
123
130
132
135
136
139
141
151
151
151
151
151
151
1
5
15
23
25
35
40
42
43
48
50
53
59
63
65
67
68
71
78
81
82
88
91
92
96
101
109
110
111
112
117
118
121
125
127
131
138
139
144
149
150
155
160
160
160
160
160
160
1
3
6
13
15
26
45
54
66
72
77
79
84
93
94
95
96
107
108
109
120
123
128
131
133
135
136
141
142
145
146
148
153
158
159
166
171
171
171
171
4
6
11
13
17
21
23
25
30
34
38
40
42
46
47
50
55
57
64
65
68
69
70
71
72
73
75
78
86
90
91
93
94
97
98
100
103
111
115
117
121
124
125
127
130
138
140
141
142
143
147
148
158
160
164
166
169
173
176
179
179
179
179
179
1
3
4
6
9
12
15
18
19
23
24
30
31
33
35
37
38
42
43
45
46
48
49
51
54
68
69
71
80
83
90
95
101
104
107
113
122
124
126
131
132
137
139
142
144
147
148
150
153
157
159
164
168
172
176
182
184
184
184
184
184
184
184
184
2
3
4
5
7
8
23
24
25
26
27
29
37
39
40
43
44
47
49
53
57
59
62
65
68
69
71
73
81
87
88
90
91
96
97
98
101
108
109
117
118
125
126
129
136
137
138
141
145
149
150
151
154
155
158
160
165
166
169
171
175
176
181
184
186
188
193
194
194
194
194
194
7
9
12
14
20
23
25
28
29
30
34
39
42
44
45
53
54
55
58
64
66
72
75
87
92
94
97
99
101
103
111
114
121
122
123
130
132
134
135
136
140
141
145
147
153
159
162
165
166
175
186
188
193
195
199
205
0
2
6
8
11
13
18
20
23
34
37
38
43
46
62
65
69
76
79
86
87
88
89
93
97
100
103
110
113
116
117
118
121
124
133
139
142
144
151
152
157
158
160
161
169
172
174
176
178
181
187
192
194
199
202
208
209
209
209
209
209
209
209
209
0
1
17
20
21
22
23
24
38
40
43
46
52
64
66
69
70
79
81
82
84
88
89
90
93
95
99
102
103
116
120
121
123
125
126
133
134
139
140
142
143
144
149
160
181
182
185
188
189
201
203
205
207
211
212
216
219
219
219
219
219
219
219
219
3
8
10
14
16
20
21
26
28
32
35
40
41
43
44
45
46
55
56
66
67
69
72
78
82
86
87
89
94
98
103
104
109
114
116
117
118
125
126
129
131
135
143
145
162
163
165
170
172
182
183
201
203
212
214
218
226
229
229
229
229
229
229
229
0
1
2
4
6
8
9
10
15
33
34
35
36
37
39
44
54
68
75
79
80
82
84
87
93
103
107
108
117
118
124
131
135
136
138
142
143
148
149
152
158
160
168
179
187
192
193
194
197
200
209
211
212
214
221
225
226
227
228
231
233
237
237
237
1
3
6
11
14
15
18
25
29
30
40
43
46
51
59
60
63
65
66
67
68
71
72
75
76
78
87
89
101
103
109
114
121
122
127
130
131
133
141
147
149
151
154
161
163
165
166
169
178
181
182
191
199
201
203
211
214
217
218
222
223
226
231
233
236
237
238
244
247
247
247
247
0
6
8
10
13
15
16
20
21
30
35
38
41
44
49
50
51
52
57
63
64
70
71
72
77
80
81
84
87
96
98
100
102
106
113
121
122
124
129
133
134
139
141
142
149
151
152
158
160
162
168
169
170
172
178
184
185
187
192
200
204
211
215
224
226
229
236
241
243
244
245
245
0
1
2
3
6
8
17
35
40
44
46
52
61
72
76
81
84
87
88
90
94
95
98
100
108
111
112
113
117
118
119
122
125
141
147
149
153
156
161
162
168
170
173
179
183
185
200
201
202
203
206
208
210
211
212
213
214
215
218
219
226
234
236
237
238
239
240
245
249
250
252
256
262
262
262
262
262
262
262
262
1
3
6
11
17
21
24
30
34
35
43
51
58
64
68
72
78
83
88
97
107
109
112
114
115
121
122
124
130
137
141
150
154
156
159
162
165
169
175
177
181
186
187
188
189
190
192
194
196
202
204
205
208
210
211
212
219
222
223
224
225
227
228
230
235
238
241
243
244
247
249
260
263
264
267
267
267
267
267
267
1
3
5
8
9
10
13
14
21
22
27
30
34
35
45
46
54
55
57
61
65
66
68
69
70
74
75
77
85
88
95
97
100
107
108
109
116
117
122
124
128
129
130
134
137
140
141
143
146
155
161
162
169
172
176
179
181
184
189
193
198
199
200
201
204
212
213
218
219
228
233
237
239
242
245
250
253
254
258
262
265
266
271
275
275
275
275
275
2
3
4
5
8
10
14
17
23
25
27
28
29
30
40
50
53
56
58
64
71
73
75
76
77
79
90
92
93
94
96
102
105
111
114
118
119
129
131
141
150
153
154
156
157
162
165
168
185
192
195
199
208
210
214
216
223
224
225
226
227
229
230
233
234
236
238
243
247
255
257
260
261
264
267
268
272
276
278
281
1
14
15
19
20
21
22
31
33
38
39
44
45
52
53
56
60
61
62
63
66
70
71
73
74
79
82
84
85
91
97
102
105
111
116
120
121
122
126
127
131
132
135
136
143
146
157
170
173
176
185
186
187
192
193
198
200
209
210
211
213
219
220
224
228
233
238
239
245
250
251
254
257
262
264
265
267
269
279
281
283
285
288
288
288
288
288
288
7
8
9
10
16
17
19
29
31
32
34
36
39
40
41
43
44
56
58
61
64
67
71
73
75
77
78
89
91
92
107
109
117
118
121
122
126
131
132
136
143
144
145
146
148
149
153
157
159
160
162
163
168
171
173
178
187
188
190
214
217
228
231
232
233
234
236
239
241
244
246
248
253
258
267
273
281
286
290
295
296
296
296
296
296
296
296
296
6
7
10
11
13
15
19
25
30
33
34
37
38
40
41
43
44
47
49
52
55
57
59
63
65
71
82
83
84
85
87
89
91
92
101
103
124
131
132
139
141
147
150
151
154
155
167
170
178
181
183
184
192
193
194
202
208
209
215
219
225
226
228
233
236
239
241
242
245
253
254
260
270
271
272
281
282
288
289
291
296
299
304
304
304
304
304
304
2
3
6
9
11
14
15
19
24
26
35
38
42
44
45
48
49
54
55
59
64
77
81
84
85
101
104
107
108
109
113
115
117
119
132
136
138
139
140
149
151
153
154
155
157
161
162
164
167
174
178
184
186
188
189
191
194
196
197
198
203
205
211
213
217
219
221
225
227
230
234
235
239
242
245
249
260
262
263
264
267
268
270
271
276
281
283
298
310
312
312
312
312
312
312
312
0
2
3
5
6
8
9
13
15
18
19
23
24
31
32
35
37
38
39
40
45
56
57
64
65
69
79
87
90
92
94
97
98
99
109
110
114
118
120
124
131
134
140
141
143
151
156
161
163
165
166
170
177
182
191
193
194
196
199
208
212
215
217
218
220
221
225
226
227
231
236
241
243
245
248
249
253
256
259
266
267
271
274
276
282
285
286
287
292
297
298
300
315
316
319
320
322
326
326
326
326
326
326
326
0
4
7
9
11
16
20
23
30
32
33
36
41
47
48
51
55
58
66
68
77
80
82
87
91
96
97
98
101
108
109
113
119
131
132
135
136
137
139
143
144
146
147
155
158
166
171
172
173
180
184
196
197
212
214
215
218
228
229
231
235
236
238
242
243
246
248
250
261
265
266
267
273
276
282
287
291
298
308
309
312
313
318
318
318
318
318
318
7
8
10
19
23
28
30
33
42
58
71
72
75
79
80
87
94
101
102
106
108
109
129
132
134
138
139
142
147
149
153
154
156
157
158
164
165
166
174
176
178
179
182
183
184
190
208
211
212
214
217
232
233
236
239
244
245
247
248
251
252
256
259
262
268
269
270
271
273
276
278
281
282
283
284
289
292
302
311
319
320
322
334
335
338
341
341
341
2
9
11
12
15
16
19
21
28
29
31
32
34
37
38
40
41
42
43
45
47
48
51
52
54
56
57
60
65
69
77
78
79
81
82
94
115
118
121
123
124
125
127
129
131
134
142
144
148
152
155
159
162
163
170
173
174
178
179
181
196
203
208
224
232
235
237
238
241
243
245
257
263
264
265
266
271
273
275
276
279
283
284
291
302
305
307
317
319
320
322
328
332
334
340
341
342
344
344
344
344
344
344
344
5
8
13
15
20
22
30
34
36
38
39
43
53
60
64
66
74
75
79
85
86
87
90
92
98
102
106
112
115
118
121
124
125
130
134
135
141
143
145
149
153
155
156
165
168
171
178
181
183
184
186
189
190
191
198
204
206
213
215
222
229
231
232
235
236
237
247
250
254
257
260
265
267
276
279
282
285
286
289
292
293
295
296
297
300
304
305
306
308
309
311
321
323
324
326
328
329
334
342
345
346
349
353
353
2
5
6
11
14
17
19
21
26
29
32
46
49
52
55
58
63
65
66
67
68
72
78
82
83
88
90
95
97
98
99
105
107
109
112
115
116
121
124
126
128
132
133
140
146
152
154
160
162
169
176
181
182
183
190
193
196
198
199
211
213
216
221
225
233
234
240
241
243
250
252
253
254
260
269
270
274
278
281
290
291
296
304
312
315
317
319
324
335
340
343
344
347
348
359
360
361
361
361
361
361
361
361
361
3
5
7
15
23
24
28
30
33
34
35
39
40
42
43
47
48
51
56
58
59
64
66
67
69
72
79
87
88
90
91
94
95
97
98
102
105
107
123
131
142
144
149
165
170
176
177
178
183
190
193
195
196
197
206
208
214
218
221
224
225
228
229
239
247
249
254
256
264
265
270
273
283
291
295
296
297
298
307
310
313
317
321
325
328
341
344
349
351
352
359
362
364
365
365
365
6
10
17
18
25
29
30
33
35
42
44
48
51
56
58
60
61
64
65
76
78
79
80
86
87
89
92
95
96
104
108
109
113
114
115
119
120
121
122
126
129
130
136
141
144
150
152
153
156
159
161
167
170
171
173
176
182
185
191
192
193
195
198
201
216
224
225
226
230
236
250
252
255
259
269
274
278
281
284
291
301
308
312
318
319
321
324
325
326
328
332
334
345
346
351
354
362
370
372
373
376
381
382
382
6
8
11
17
18
19
27
28
35
36
39
40
41
43
46
47
50
56
59
65
66
67
69
71
80
84
89
91
92
93
94
99
100
102
107
109
118
123
128
130
133
136
143
145
147
151
152
156
159
160
162
165
167
168
173
177
182
185
186
187
188
189
190
192
195
203
205
207
209
214
223
225
226
243
245
247
248
250
254
255
257
259
266
270
275
281
282
287
296
301
310
311
315
319
322
328
330
338
341
342
345
346
351
355
361
365
368
370
374
377
387
387
7
10
11
13
14
18
30
32
34
35
44
45
46
47
48
53
55
61
64
67
77
80
81
84
85
89
91
94
97
104
108
111
112
113
118
122
123
124
126
137
138
140
148
151
154
155
156
158
169
176
182
186
187
192
197
198
199
200
202
207
215
216
219
224
228
229
230
233
236
240
241
246
250
251
255
256
257
259
264
268
281
284
285
290
291
292
294
300
301
302
303
307
310
314
320
323
325
329
336
337
340
346
349
350
352
362
364
365
367
376
377
382
388
390
396
396
396
396
396
396
0
2
4
16
18
19
20
26
34
35
39
41
42
44
45
48
51
54
56
57
59
62
67
68
73
74
76
90
93
97
102
103
105
113
123
126
127
128
133
143
148
153
160
163
166
172
176
186
188
189
191
198
199
206
211
212
215
218
220
221
226
228
242
246
251
256
259
261
268
277
282
286
290
291
295
296
300
306
310
314
315
316
322
323
327
332
338
340
343
344
359
363
364
368
370
373
377
386
390
402
402
402
402
402
1
4
11
12
17
23
24
25
28
30
31
33
39
41
47
49
51
54
58
59
75
76
89
91
94
97
100
111
115
119
128
133
140
141
144
145
147
148
152
155
157
159
162
163
170
177
178
185
194
198
200
213
216
217
219
220
224
227
232
237
238
244
247
248
251
255
261
263
264
266
267
279
286
288
289
294
299
302
305
307
308
309
311
313
316
321
322
325
327
328
330
337
344
349
360
364
366
369
370
373
375
378
381
382
384
391
396
399
400
401
407
407
0
4
6
10
12
14
18
19
21
22
25
26
35
37
39
40
45
46
53
56
63
70
71
75
76
78
89
104
106
107
111
112
116
118
120
121
123
125
132
133
138
139
144
145
146
150
152
153
156
158
159
163
168
170
172
175
180
181
183
188
192
202
203
207
211
214
218
221
222
227
230
240
243
246
249
251
252
260
267
272
276
278
279
285
289
290
295
304
311
312
316
317
318
322
327
339
341
343
345
350
352
353
354
363
367
373
375
378
379
380
381
384
386
390
393
394
396
407
412
418
2
4
5
16
24
25
27
34
38
39
50
58
60
67
68
69
71
72
77
78
79
81
86
87
88
89
94
95
96
98
101
103
104
107
115
122
125
127
134
137
141
148
152
156
157
160
162
164
166
175
180
187
192
200
203
207
214
222
223
226
228
231
234
235
236
239
240
244
245
258
270
271
273
276
280
287
291
293
304
312
314
318
321
329
331
339
342
346
348
350
353
354
365
366
368
369
375
379
384
387
392
397
398
400
402
404
412
413
416
418
419
424
427
427
427
427
427
427
427
427
0
4
10
13
21
27
29
30
32
35
36
38
43
51
52
59
63
65
66
70
71
73
78
85
86
93
101
102
107
113
120
122
125
134
136
140
141
144
146
149
150
154
155
159
160
181
189
190
192
199
200
211
219
220
225
228
231
240
241
243
245
248
250
253
254
267
268
270
273
276
278
279
287
288
290
291
294
303
308
311
315
322
324
326
327
329
336
340
350
352
356
358
364
365
375
376
388
390
400
401
405
406
409
420
427
428
437
438
438
438
438
438
0
2
8
18
19
20
25
31
32
38
39
44
45
52
55
57
61
62
65
66
69
74
78
84
87
95
96
98
101
102
103
104
105
108
111
129
134
136
138
139
152
153
163
164
165
167
168
171
173
178
183
185
189
193
197
199
200
209
212
213
215
221
222
223
225
229
234
252
255
257
270
273
278
282
283
284
286
287
290
292
297
300
301
302
305
311
317
318
319
323
324
326
333
338
339
344
345
347
349
351
355
363
364
380
383
398
403
408
412
416
419
420
423
438
439
443
443
443
443
443
0
2
5
7
9
10
13
25
26
28
29
35
36
37
38
41
49
54
57
58
60
63
64
68
69
71
77
79
83
85
87
89
91
95
99
102
110
115
122
126
130
136
146
147
153
154
162
164
171
173
174
176
177
184
187
188
189
191
195
198
200
202
203
204
207
208
210
214
220
223
226
229
231
233
235
236
242
245
247
253
256
258
263
269
270
276
278
280
282
292
295
298
299
300
302
308
320
324
325
328
332
337
341
343
345
346
349
353
363
373
375
377
379
391
400
401
410
415
423
426
428
433
436
438
441
441
441
441
4
9
10
11
12
13
29
40
44
46
47
54
61
62
64
65
71
74
79
80
91
95
96
97
106
115
122
127
130
143
144
147
148
151
152
160
169
170
171
173
176
177
179
181
182
183
186
189
195
196
201
203
208
211
212
213
216
217
220
221
230
232
234
240
243
248
256
260
264
269
270
271
273
274
283
284
286
294
295
296
302
309
314
319
322
323
328
332
334
338
339
347
352
359
363
366
367
369
370
373
376
377
381
387
392
407
412
422
425
433
434
439
440
441
454
454
454
454
454
454
4
10
12
17
21
24
26
33
36
38
47
48
59
62
67
68
70
73
75
77
78
81
83
85
90
95
97
99
100
102
115
118
120
123
125
127
140
155
156
160
161
166
170
177
178
188
190
192
195
197
199
202
205
206
207
208
209
210
211
214
218
222
233
235
240
244
247
249
251
255
257
260
265
269
271
275
287
288
290
297
300
301
304
306
308
319
320
321
323
325
330
332
336
338
339
340
346
349
352
357
360
361
362
374
375
377
385
387
391
392
397
398
400
403
405
410
417
420
425
430
439
455
457
460
462
462
462
462
2
5
10
11
16
17
19
32
46
50
55
59
67
69
74
76
77
83
85
89
92
93
95
96
99
100
101
102
109
110
115
116
127
130
131
132
137
139
153
158
159
165
167
168
170
172
173
176
181
182
186
192
197
200
201
202
204
208
209
215
218
219
225
226
241
246
247
252
254
259
260
263
267
271
273
274
275
279
282
285
294
295
300
306
307
310
313
317
318
322
327
330
331
338
339
348
351
361
364
367
368
373
393
399
400
401
402
411
422
423
424
427
428
429
433
436
438
439
442
449
451
457
462
470
471
471
471
471
0
8
24
31
32
34
35
37
38
41
42
44
48
51
54
65
67
68
69
71
82
86
87
89
91
92
94
95
96
97
98
99
106
108
112
131
134
135
137
142
143
146
149
151
152
162
166
169
170
173
176
178
179
182
184
185
191
194
197
198
205
206
210
212
214
217
219
221
222
224
225
226
239
240
241
245
252
256
259
263
270
272
273
275
279
280
282
284
294
299
303
305
309
310
311
317
318
321
325
326
327
329
334
336
338
347
349
351
353
371
373
374
380
381
387
397
401
408
409
411
412
415
416
419
424
428
435
436
442
449
453
457
459
463
464
467
469
470
473
474
480
481
481
481
2
6
7
15
16
21
24
29
30
34
35
38
45
48
49
56
58
59
63
64
75
77
78
81
84
86
91
93
95
96
97
104
109
117
118
122
123
124
127
128
129
132
135
136
137
138
143
144
148
151
152
158
159
160
161
162
164
167
171
183
184
187
188
190
194
196
198
199
203
212
213
221
222
224
226
227
233
236
246
252
254
256
262
265
271
275
278
280
282
283
287
295
297
301
302
305
307
308
319
320
325
328
332
334
336
337
338
339
344
346
347
348
355
365
366
368
371
372
375
384
393
395
399
401
404
416
424
426
437
438
440
443
448
451
455
456
462
463
467
472
481
483
484
486
488
489
489
489
489
489
489
489
1
2
4
9
13
15
16
17
18
21
22
23
28
31
32
36
37
39
45
46
51
52
54
56
59
65
70
79
80
81
82
84
87
91
92
93
99
111
125
127
129
130
132
144
149
151
155
157
162
163
164
166
167
178
180
181
182
188
191
193
194
198
200
203
205
207
215
225
226
230
231
239
241
243
247
248
249
251
256
257
258
259
260
261
262
266
271
273
276
281
287
290
294
297
298
300
302
303
304
306
307
309
314
317
320
324
327
329
332
337
343
345
353
355
368
371
372
376
388
395
399
400
402
405
407
412
414
415
416
417
422
426
427
428
432
437
441
449
451
454
455
466
480
485
488
489
489
489
489
489
489
489
1
3
4
6
8
9
10
13
15
18
20
26
29
31
37
38
42
48
50
54
55
56
59
65
66
68
70
72
74
75
77
78
79
80
84
87
96
101
104
105
111
116
123
125
126
129
133
134
135
139
142
143
146
152
154
155
156
160
161
162
163
171
175
180
181
194
199
206
209
211
217
221
222
232
253
258
263
264
267
272
273
274
277
279
283
288
289
291
294
295
298
299
300
301
303
305
308
318
321
322
325
326
327
329
330
336
344
360
369
372
373
374
376
380
386
392
400
407
409
411
416
422
424
425
426
433
434
435
437
439
440
441
444
445
446
451
457
458
468
476
477
480
497
502
503
507
507
507
507
507
507
507
4
5
16
17
21
23
24
26
28
29
30
31
32
40
45
46
49
50
51
58
67
70
73
77
78
85
87
91
98
100
107
108
109
113
114
116
117
131
134
135
139
140
142
151
154
156
166
170
171
172
175
177
179
190
192
197
198
201
205
206
211
217
218
224
227
234
237
238
242
246
248
251
259
260
262
264
268
270
276
279
281
283
285
295
296
297
300
302
307
310
315
321
322
325
328
337
338
341
343
344
347
355
356
358
362
365
367
372
377
386
392
397
399
402
405
406
408
410
411
418
421
423
428
429
437
439
444
448
449
450
456
465
471
472
478
480
483
484
488
492
494
497
504
510
512
513
513
513
513
513
513
513
5
7
10
11
12
17
19
22
25
29
33
39
41
42
46
48
52
53
54
62
69
73
78
79
80
82
83
87
90
97
106
107
109
118
120
128
136
140
142
144
148
151
161
163
164
171
172
174
179
183
189
191
195
199
200
204
205
210
212
214
217
220
221
223
225
231
234
243
249
254
261
265
267
279
283
285
287
291
297
300
302
305
306
315
317
321
325
328
329
330
331
333
337
338
339
341
342
346
347
352
353
359
361
366
367
371
381
382
390
392
396
407
408
409
413
415
416
418
419
424
425
428
432
433
434
443
448
455
460
463
474
475
479
490
493
495
498
500
501
505
506
508
511
512
513
515
518
518
518
518
518
518
0
1
4
6
7
8
11
15
21
38
47
51
60
61
74
80
81
85
88
90
94
97
99
117
128
131
135
138
139
143
145
157
163
166
167
169
170
174
178
188
192
198
201
202
204
205
207
209
211
212
215
222
225
227
228
237
242
246
251
254
257
260
263
264
265
266
267
268
273
275
278
282
287
291
298
300
302
304
305
310
313
315
317
319
321
322
328
336
338
344
351
353
355
357
359
364
367
368
370
376
383
384
390
391
392
393
394
395
397
401
403
405
409
417
426
428
429
432
434
444
449
459
461
467
471
474
476
493
499
501
506
507
508
515
516
516
7
8
11
17
36
39
41
44
59
65
68
74
77
84
90
96
99
100
109
111
112
114
115
117
120
130
133
137
142
148
149
150
152
156
157
158
159
166
173
174
197
201
207
210
212
214
216
217
229
240
241
248
249
255
262
264
266
267
269
273
275
282
284
286
294
295
298
299
303
305
315
318
327
328
333
334
338
347
353
361
364
371
372
375
377
385
390
393
397
399
401
402
404
406
410
411
412
417
418
419
423
435
436
439
440
442
443
448
450
453
454
455
474
478
479
480
481
486
487
488
490
494
496
504
509
520
523
527
528
536
537
538
538
538
538
538
2
5
6
14
15
16
17
23
26
28
30
32
36
42
49
55
60
64
65
75
77
80
86
92
110
111
114
117
120
123
127
136
140
143
148
149
153
161
164
165
167
170
171
173
175
176
181
186
187
190
192
207
213
215
218
222
230
235
237
242
246
249
251
252
253
255
263
268
269
275
276
280
285
288
292
303
308
311
315
319
321
328
329
339
343
345
346
347
348
350
353
354
357
358
362
369
371
377
379
385
386
387
388
389
393
395
396
398
399
413
415
416
417
423
425
432
433
446
449
453
463
466
471
477
483
485
487
491
492
493
494
507
509
518
525
531
532
536
540
544
549
549
549
549
0
12
14
29
34
35
41
48
56
62
68
71
72
73
81
84
86
88
89
97
102
109
114
117
118
121
123
124
127
135
137
140
146
147
150
155
157
161
163
165
166
170
175
180
183
187
194
195
196
207
210
211
212
219
226
229
232
236
237
244
245
247
250
253
254
257
262
264
274
276
286
290
291
294
295
296
299
301
303
316
317
321
323
325
327
337
338
341
343
346
348
355
356
366
374
377
378
380
381
384
390
391
392
394
407
411
418
430
431
432
442
444
447
453
454
455
458
460
464
468
470
474
475
481
491
495
497
498
504
508
511
514
517
521
522
524
526
536
550
551
556
556
556
556
0
2
4
8
14
16
18
21
24
25
26
34
35
40
44
52
62
63
65
70
73
74
76
77
78
79
81
83
85
86
90
91
93
97
99
102
109
110
112
113
122
126
130
134
139
147
149
152
162
165
167
168
170
174
178
190
193
200
202
204
211
226
228
231
232
238
243
244
246
249
262
263
264
267
268
271
277
280
286
287
290
291
293
295
298
299
301
303
317
322
325
328
337
341
342
344
345
349
352
359
363
366
368
370
372
376
378
380
382
384
385
387
388
397
403
413
416
418
423
425
431
434
435
437
439
440
446
447
457
459
460
464
469
470
471
473
474
477
480
481
486
488
494
495
496
505
508
510
512
515
518
523
524
529
530
531
534
535
536
538
541
542
543
549
550
563
563
563
1
6
8
9
11
12
13
15
20
23
26
27
31
38
40
49
58
60
61
62
71
74
75
77
82
84
86
88
97
98
100
102
104
106
110
121
124
126
128
129
134
135
137
139
141
143
144
157
158
160
164
166
172
176
181
184
187
188
189
190
197
198
204
206
207
209
222
226
228
230
236
248
264
266
276
284
285
290
292
299
300
304
306
310
313
316
317
318
330
338
348
353
356
363
366
380
381
394
395
398
403
404
408
409
412
416
419
427
428
429
435
436
439
445
452
454
455
457
459
462
464
467
468
470
473
474
475
477
482
485
487
492
496
498
501
505
511
512
514
516
518
521
524
534
540
542
543
550
553
554
556
567
569
573
573
573
573
573
573
573
1
7
8
9
13
19
21
29
30
33
35
42
47
58
60
67
69
70
71
73
79
82
83
87
92
95
98
99
100
104
105
107
113
114
122
126
129
132
134
135
140
141
145
148
154
156
162
167
171
175
182
183
184
186
190
194
200
205
206
212
213
214
219
220
222
226
229
231
243
246
252
260
270
272
275
276
277
282
290
292
293
297
300
308
309
311
315
318
329
331
332
334
339
343
345
346
350
355
356
358
359
362
363
367
368
373
379
380
384
385
386
388
389
392
395
398
401
402
404
411
413
415
416
417
420
424
425
426
435
444
450
453
459
465
466
468
475
479
480
481
485
487
494
502
504
505
510
511
516
525
526
531
540
541
549
550
554
556
560
567
570
571
574
574
574
574
574
574
2
6
15
16
19
24
27
32
41
43
46
47
55
56
58
62
69
75
76
86
89
93
94
97
104
106
108
112
113
116
117
122
124
127
135
136
137
138
156
159
160
161
162
164
175
176
177
182
184
200
206
208
209
211
223
228
229
236
246
247
249
251
257
259
265
269
271
275
279
280
293
295
298
302
304
311
322
329
336
341
352
354
369
370
371
379
386
387
388
402
418
419
423
427
433
434
436
439
440
441
449
458
459
465
481
487
489
490
493
494
495
498
499
500
501
516
523
528
529
530
539
540
541
544
545
554
563
566
572
574
578
580
580
580
580
580
7
12
13
15
18
19
20
21
30
32
33
34
35
38
46
47
49
50
52
53
60
61
63
72
76
78
80
81
85
90
92
105
112
113
114
118
120
125
131
135
147
150
153
159
160
161
170
171
176
177
178
184
185
186
196
197
201
209
214
220
226
229
231
233
239
242
243
244
248
249
252
256
264
267
270
274
275
276
282
286
288
300
317
321
331
333
336
337
340
341
344
345
354
357
364
369
377
381
384
386
387
388
397
400
420
422
426
427
431
432
435
439
442
445
453
473
477
486
488
491
493
494
496
501
502
503
507
512
513
515
524
525
530
532
534
535
540
544
545
551
557
561
566
568
569
572
576
584
587
587
587
587
2
6
25
34
35
37
38
44
51
59
60
61
63
67
69
75
77
78
83
84
89
93
94
98
100
102
106
107
115
124
126
128
130
134
139
146
148
158
161
164
178
179
182
187
202
203
208
213
218
230
231
232
242
244
246
254
260
266
268
269
270
275
283
292
294
297
301
304
317
318
324
326
329
338
340
356
359
360
362
369
370
371
373
374
379
381
382
386
387
393
396
405
408
410
414
415
417
418
423
432
437
439
440
447
460
461
464
468
470
471
475
489
491
502
504
508
509
510
513
518
528
530
532
537
548
551
556
557
569
573
575
577
578
579
582
585
586
589
590
593
594
595
597
598
607
607
607
607
607
607
607
607
4
5
8
12
21
27
33
40
57
61
62
63
67
68
69
77
79
80
82
90
91
93
98
102
105
109
120
127
128
129
130
136
139
143
145
146
149
153
162
165
168
169
175
176
181
182
185
186
188
191
192
204
206
209
211
215
216
223
228
230
243
249
250
251
252
256
263
265
267
272
275
278
282
285
287
289
290
291
295
296
297
298
299
302
303
304
309
311
313
315
316
326
333
336
337
342
344
347
350
351
358
361
363
370
373
375
376
377
380
385
387
393
394
397
402
406
409
416
419
420
431
436
437
438
455
456
457
460
461
463
467
468
471
473
476
477
493
495
497
499
500
501
502
504
505
508
512
519
522
528
530
535
539
545
546
547
550
553
558
559
560
564
565
566
569
570
577
580
581
583
585
586
587
589
604
608
613
613
613
613
613
613
613
613
1
4
5
6
7
10
11
13
14
17
20
28
33
34
35
39
43
44
45
47
52
54
57
64
68
69
71
73
76
81
82
84
85
94
95
101
102
108
109
110
114
116
118
121
125
126
132
136
139
152
157
162
163
166
167
168
171
179
181
189
195
202
203
204
205
207
214
218
227
228
229
238
240
241
244
249
258
260
261
273
278
286
287
290
303
308
309
311
315
320
322
324
328
330
333
338
343
345
347
353
354
356
359
364
365
367
368
371
375
377
382
388
391
398
403
404
408
409
411
416
424
425
427
429
432
434
438
439
447
450
452
454
455
457
461
462
465
466
467
471
474
478
483
485
486
491
497
500
507
510
511
517
518
525
527
540
543
545
547
548
555
557
559
564
566
570
576
577
579
584
598
600
605
611
614
615
616
616
616
616
616
616
616
616
9
11
19
20
21
22
25
28
29
30
32
33
36
38
43
45
48
50
52
53
56
57
58
67
68
82
85
95
101
102
104
108
112
118
119
121
124
127
132
135
136
138
141
144
146
149
153
155
158
162
167
176
178
181
182
183
186
188
191
193
197
200
205
211
214
217
219
221
231
232
234
239
243
245
248
267
268
270
273
276
278
279
280
284
285
286
287
290
293
294
295
300
308
313
314
315
322
326
338
339
340
350
351
352
355
356
367
369
370
373
375
378
380
384
385
391
398
399
400
402
406
409
423
424
425
426
436
443
445
447
448
461
462
463
466
486
487
489
491
494
495
512
514
520
522
523
524
525
531
533
535
537
539
540
542
543
551
553
554
557
562
563
565
571
572
577
578
579
580
582
590
592
593
596
602
616
617
623
624
625
626
626
626
626
0
6
8
11
12
14
15
19
26
31
32
40
41
42
43
45
50
52
53
55
57
58
59
64
65
66
69
73
74
78
80
81
82
83
85
89
94
97
99
100
105
110
119
123
130
131
133
134
135
136
137
138
140
141
143
144
148
150
152
160
161
166
168
169
172
174
177
180
183
184
192
193
198
200
201
207
208
209
210
216
218
223
224
226
227
229
231
233
238
240
243
250
254
257
258
268
269
271
273
275
280
281
282
286
290
291
292
295
305
307
310
319
324
330
331
338
340
342
346
349
356
360
362
365
383
385
387
388
393
396
398
402
404
406
412
415
419
421
428
432
435
437
438
442
464
466
476
485
496
497
500
507
509
518
521
524
532
533
534
539
542
543
548
549
552
554
556
563
564
565
571
572
576
577
583
585
590
596
598
600
601
603
606
608
610
612
616
621
622
624
625
626
629
636
636
636
636
636
636
636
3
5
10
11
17
23
25
28
30
31
32
37
40
42
45
46
50
52
68
73
74
79
81
88
89
92
95
97
103
105
107
117
120
122
127
131
132
135
137
140
162
163
176
179
180
183
196
204
205
206
208
209
215
217
219
223
228
243
250
252
253
255
262
264
265
269
270
271
272
273
274
276
282
283
284
288
291
296
301
303
315
316
322
329
331
333
337
342
343
347
349
368
371
375
378
379
380
381
387
391
396
399
401
405
406
408
412
414
416
417
418
420
421
422
424
425
426
430
431
437
458
460
468
469
471
478
480
483
485
489
490
492
498
504
511
513
519
520
521
525
541
543
545
546
551
554
558
563
568
570
573
575
577
579
582
586
590
591
593
594
606
607
610
611
613
617
624
625
629
634
636
637
638
641
641
641
1
4
6
11
17
18
20
21
25
31
32
41
46
47
51
52
55
57
60
70
73
74
75
78
85
87
89
94
96
97
103
109
114
122
128
134
136
138
144
150
153
158
159
161
163
164
167
168
169
175
177
179
182
183
184
185
188
196
197
200
202
203
209
211
213
217
221
223
225
231
232
233
239
244
245
246
251
255
259
268
270
271
285
286
287
291
292
298
300
306
307
310
320
328
329
336
337
340
341
342
349
353
358
359
360
362
369
378
379
381
384
389
392
395
397
402
405
406
412
414
415
418
424
426
429
435
437
448
449
461
466
468
470
474
478
481
485
493
498
500
502
503
504
507
509
510
515
516
522
529
530
533
540
541
544
546
556
559
562
565
569
570
572
577
583
588
596
597
599
602
607
612
614
620
621
633
634
641
645
649
650
650
650
650
2
7
8
11
14
20
28
29
30
34
39
40
42
44
46
49
52
61
63
69
70
73
76
81
86
90
93
97
98
107
110
114
115
123
130
132
138
145
152
159
165
168
181
182
183
190
196
198
204
210
211
215
217
220
228
229
232
238
240
242
246
247
255
261
264
265
266
270
273
276
293
301
305
306
311
316
318
322
323
327
328
331
333
343
344
347
349
352
358
365
367
368
369
374
378
381
383
389
397
398
411
412
418
421
422
429
432
439
443
444
446
452
459
461
462
473
474
477
479
480
484
488
489
494
495
496
512
513
516
520
525
534
535
544
547
552
558
559
565
567
575
580
587
596
609
610
617
620
630
634
635
641
643
650
652
658
658
658
658
658
0
2
3
4
8
11
14
20
22
23
25
27
30
33
35
36
37
39
41
48
51
53
57
58
66
73
76
77
80
81
84
85
89
91
93
96
97
100
101
102
106
109
111
113
116
124
126
128
132
134
137
143
145
146
148
149
162
168
171
172
176
177
181
188
189
194
197
201
202
209
211
213
214
215
218
219
220
222
224
228
229
231
233
234
235
239
240
245
246
247
248
254
262
274
277
278
280
286
287
291
293
301
302
303
317
320
329
346
353
354
355
359
360
362
363
365
368
369
371
373
374
378
380
381
393
406
407
408
409
411
413
414
416
417
418
422
425
436
437
438
443
445
446
449
451
454
456
461
465
468
470
472
476
477
481
483
486
489
491
492
495
496
513
517
518
522
528
532
536
539
540
541
542
546
550
569
572
573
579
590
591
592
611
612
618
619
620
621
630
638
639
645
648
650
651
654
655
663
665
665
0
1
5
7
9
10
12
21
23
26
33
34
36
37
38
40
44
48
50
53
65
68
71
79
82
83
85
87
93
94
98
100
101
102
104
108
110
111
114
119
126
127
128
132
140
144
149
151
156
159
162
163
169
172
177
181
187
189
192
193
199
206
210
212
213
215
223
224
226
229
234
238
240
245
249
250
252
254
256
257
258
263
269
281
284
289
291
292
293
297
300
303
306
307
308
310
311
322
325
336
352
354
355
357
360
361
364
365
371
372
373
375
380
382
388
391
392
394
398
400
402
403
408
410
413
415
418
420
423
424
432
436
442
445
446
447
450
451
453
457
459
475
479
481
483
493
499
500
501
510
512
517
520
523
524
529
536
538
540
546
547
550
552
558
561
562
563
565
568
569
571
573
574
576
580
581
586
589
590
597
610
612
614
630
632
633
634
636
637
638
645
646
652
653
655
664
666
668
673
673
8
9
11
16
26
29
35
38
43
49
52
57
59
74
76
79
80
83
86
101
103
105
111
115
121
122
123
125
127
128
130
132
137
138
142
147
151
152
158
161
173
174
193
198
199
204
205
208
209
211
222
223
228
229
231
232
233
237
239
242
252
260
263
276
278
280
281
289
293
297
305
307
309
314
315
318
320
323
324
325
326
330
333
338
342
344
357
362
368
371
377
379
385
394
399
401
407
408
410
423
426
429
435
446
448
451
452
454
455
469
472
473
474
475
476
477
486
492
506
507
508
510
515
519
523
531
543
547
550
551
553
557
560
562
563
565
566
567
571
574
577
585
586
590
592
595
598
603
605
608
609
619
621
628
631
634
641
645
647
648
653
657
659
668
669
670
671
672
674
679
680
682
684
684
684
684
17
19
24
27
29
31
36
37
38
41
48
49
57
59
60
61
63
73
76
77
79
84
85
95
101
109
113
115
116
118
120
121
122
125
131
141
142
151
155
157
160
164
165
177
184
188
193
196
199
200
204
210
212
216
218
221
228
229
230
243
244
249
253
255
259
262
266
267
272
273
274
276
278
289
297
305
307
311
314
322
332
333
338
339
344
348
350
355
357
358
361
362
363
364
366
367
372
380
383
384
385
386
387
390
392
395
398
400
401
402
406
410
411
425
428
435
437
440
441
442
451
454
458
464
468
470
473
474
475
480
484
489
492
495
499
502
507
508
516
517
519
520
522
524
527
531
532
536
542
544
546
547
559
560
563
570
576
578
588
594
597
604
616
618
622
625
627
633
644
653
656
663
666
672
674
674
2
3
7
10
12
13
16
19
21
29
34
43
45
52
53
54
56
58
59
64
65
66
68
69
78
83
90
94
98
104
110
116
118
120
121
125
139
146
152
154
157
158
161
162
169
173
175
176
178
179
181
183
184
185
187
191
192
195
199
200
203
209
211
212
216
219
226
227
230
238
241
245
246
248
249
251
253
256
265
270
271
280
284
285
292
296
297
298
302
303
304
305
307
309
311
313
314
315
319
327
328
329
332
333
336
337
340
341
342
347
349
359
366
374
376
380
383
384
385
389
390
396
398
405
410
414
417
418
420
421
425
428
433
437
439
445
450
454
458
460
462
476
480
485
487
491
493
495
499
503
506
512
513
518
521
522
525
527
529
535
540
542
545
546
552
554
559
576
577
583
586
587
588
592
595
598
600
601
610
612
616
620
622
626
630
631
632
645
646
647
652
653
654
655
656
663
666
667
670
672
674
676
677
678
679
689
700
702
1
4
9
13
14
21
22
25
27
33
34
37
44
49
50
60
62
67
71
78
82
85
90
91
92
99
100
101
104
109
123
124
126
127
130
132
134
135
136
138
146
147
150
154
156
158
161
162
163
168
172
173
178
189
191
192
197
202
205
211
216
228
233
237
238
243
245
247
248
257
258
259
266
267
271
273
275
285
290
299
306
308
309
311
312
320
323
326
332
335
336
339
344
345
348
354
357
359
360
364
365
379
385
392
394
396
398
400
403
404
405
406
408
415
418
419
423
429
432
435
440
442
446
449
450
451
453
454
455
457
465
471
473
478
484
488
491
493
495
500
512
513
514
519
520
525
529
531
534
536
540
541
542
544
545
554
557
558
559
560
578
580
587
594
597
598
599
601
604
605
608
613
616
618
624
625
626
627
629
638
641
642
645
646
650
652
659
666
667
672
675
680
681
683
687
691
696
706
707
709
6
8
10
11
12
14
15
18
22
23
31
32
37
43
44
45
46
50
55
56
59
63
64
67
72
73
78
81
87
89
102
103
104
105
107
108
110
112
120
122
126
127
129
131
141
145
153
154
162
165
174
177
181
182
184
185
186
187
189
190
192
193
195
196
197
207
213
216
220
223
230
236
237
240
242
245
246
249
261
264
269
273
274
276
281
284
288
293
294
298
300
313
319
320
321
340
341
344
347
352
353
354
360
361
363
364
370
376
378
381
390
392
395
399
402
403
405
409
410
411
414
417
423
426
428
433
436
439
440
443
444
445
447
450
451
452
462
466
469
472
475
477
479
480
482
488
490
496
497
498
499
503
504
505
506
511
513
517
518
520
523
529
532
534
542
544
545
555
559
563
564
565
567
583
584
586
588
592
595
598
603
605
610
613
618
622
627
632
633
640
642
650
653
658
659
665
666
673
681
682
684
694
695
698
699
701
702
703
705
715
717
717
717
717
717
717
0
1
6
8
16
25
31
33
34
39
43
46
49
57
68
69
78
79
80
83
86
96
98
104
106
110
113
118
120
133
137
143
146
148
150
152
156
160
164
168
172
179
181
184
185
188
209
210
211
212
214
215
216
217
218
222
227
230
233
234
236
240
250
252
259
272
280
281
283
292
295
297
298
304
305
307
309
321
325
326
331
333
334
336
340
347
348
350
351
353
355
358
360
363
366
369
378
385
388
395
397
403
405
407
408
414
415
418
421
424
425
427
436
437
438
439
445
457
460
461
467
474
483
489
490
496
497
505
506
507
509
514
515
519
530
532
534
536
537
540
544
549
555
563
567
568
572
574
577
580
582
588
589
595
598
600
605
607
608
616
618
619
620
630
633
638
644
645
647
648
657
663
665
670
671
673
676
677
681
696
701
706
709
710
713
713
713
713
713
713
713
713
1
2
8
12
17
21
30
33
43
47
55
56
61
63
64
68
76
78
79
81
83
90
95
104
105
120
123
129
132
136
142
144
149
155
158
160
165
170
172
173
179
182
184
192
197
199
200
202
211
219
223
229
230
234
235
238
243
262
267
268
270
271
276
279
282
285
286
289
291
294
301
302
310
311
313
326
327
329
330
338
339
341
343
350
351
354
355
356
359
365
368
376
377
380
381
382
384
387
391
394
398
404
418
419
420
421
429
433
434
440
444
453
455
459
462
463
470
472
473
475
483
485
493
494
498
500
506
507
512
517
520
525
528
530
533
536
537
538
539
544
551
554
557
561
562
565
567
573
574
577
580
584
590
591
593
595
599
600
605
609
611
618
626
636
639
641
647
652
654
658
667
669
675
676
680
690
692
694
696
703
705
707
710
711
712
717
718
721
723
734
734
734
0
3
4
5
6
13
16
18
21
24
25
27
32
43
51
52
55
62
65
71
73
75
78
85
88
89
91
96
97
98
101
107
108
113
120
122
123
124
127
128
130
132
135
138
140
146
148
158
162
163
170
174
180
182
189
191
192
193
194
197
206
208
214
215
216
217
222
224
225
228
231
238
240
248
253
257
260
261
262
276
279
283
284
285
293
296
298
302
312
317
320
324
325
326
327
338
342
344
348
349
353
354
355
360
363
366
367
368
374
383
386
406
409
414
415
424
425
431
434
436
440
446
447
448
450
454
459
462
463
466
469
473
475
479
480
481
482
485
486
494
495
501
503
507
509
511
516
520
524
525
532
533
534
552
558
561
566
568
573
574
575
576
579
588
590
594
596
597
598
599
603
615
618
620
623
625
634
639
647
651
655
659
660
661
664
665
667
668
669
670
672
673
678
681
682
683
703
705
710
717
724
729
730
731
731
731
731
731
5
7
10
15
19
22
23
26
32
35
38
45
46
47
48
49
53
54
61
66
70
76
77
80
82
85
88
89
98
103
112
115
117
118
120
128
131
138
142
146
148
158
159
165
167
177
181
183
186
188
191
195
196
198
200
201
203
207
213
216
219
225
227
231
236
238
239
242
243
244
255
263
264
266
276
280
283
286
289
296
297
298
301
305
311
312
313
319
323
327
333
338
343
348
349
352
354
356
357
363
367
369
370
375
377
380
393
395
398
400
402
403
413
416
419
421
422
426
432
434
444
445
446
447
451
461
464
469
478
483
492
497
502
505
508
510
517
521
525
526
528
530
532
537
540
544
545
547
549
550
553
559
563
569
574
575
576
588
591
592
594
596
599
606
609
614
616
619
628
631
633
644
645
648
652
656
659
660
663
664
671
673
675
677
679
684
694
699
700
702
710
713
716
717
720
722
724
725
726
728
731
732
744
748
748
748
748
748
4
7
8
16
24
25
30
32
33
34
37
40
43
48
49
52
54
55
56
60
69
70
71
78
79
80
87
92
94
98
106
115
117
122
126
127
130
133
136
139
140
146
148
151
164
177
182
187
191
197
198
204
205
207
209
210
211
226
228
231
236
238
240
243
250
254
257
263
264
265
268
271
275
276
283
287
292
293
295
300
304
305
309
312
317
320
323
326
329
335
342
345
347
353
354
359
361
367
369
371
379
384
390
397
398
401
403
409
411
424
430
435
437
443
445
450
452
454
456
458
459
462
466
468
470
471
472
478
487
490
491
493
496
500
512
515
520
521
524
525
529
531
534
537
539
543
545
549
553
555
556
557
558
561
567
573
574
576
583
584
587
590
591
594
596
604
606
609
612
628
630
642
645
646
647
657
660
661
664
667
668
676
679
683
685
691
697
698
701
703
706
708
712
714
715
717
718
719
720
721
724
726
733
740
745
748
753
753
6
15
17
21
22
23
25
30
33
36
47
50
56
59
65
66
69
73
76
77
85
86
87
89
94
113
115
117
121
126
129
130
138
139
143
150
155
156
159
167
170
173
174
178
179
183
190
191
193
194
198
199
211
217
219
223
243
246
247
250
251
259
262
264
265
266
268
273
279
281
282
290
292
297
300
304
305
316
321
322
327
331
334
335
337
341
344
345
349
353
355
357
361
370
371
372
373
381
382
389
402
414
415
420
421
424
435
437
442
445
452
454
455
456
457
461
468
469
470
471
483
489
490
492
497
499
500
501
502
503
504
508
511
512
521
527
532
535
543
546
551
553
559
565
573
574
576
577
587
593
594
605
606
613
618
621
623
633
637
641
643
647
648
649
654
656
657
658
660
664
672
673
677
680
681
682
684
685
686
690
691
692
693
696
698
699
702
703
705
706
716
719
720
721
727
731
734
737
740
741
755
760
762
762
762
762
762
762
1
2
7
13
15
16
18
20
21
25
29
31
32
34
38
40
41
42
47
49
52
53
54
56
57
60
68
72
82
89
90
91
94
96
97
101
107
112
113
115
125
127
128
130
140
144
146
177
190
192
197
198
199
202
207
208
212
215
217
220
221
222
229
234
236
247
251
253
258
264
274
283
286
289
290
292
293
296
300
303
305
307
308
309
311
312
320
326
327
329
339
340
344
348
352
361
365
372
376
381
385
387
390
392
393
400
401
403
407
415
419
421
432
434
435
447
451
460
463
466
471
473
477
480
491
494
495
496
497
500
502
504
505
506
517
518
526
534
537
538
539
540
547
551
553
555
572
576
586
587
590
591
592
599
600
603
606
611
617
620
621
623
625
631
638
639
643
645
648
654
655
669
675
678
679
681
683
691
696
697
698
704
705
709
710
713
721
722
724
727
728
732
733
734
735
736
737
738
740
749
751
753
756
766
767
769
769
769
3
8
11
17
18
19
22
26
29
30
35
36
44
48
49
52
53
55
59
60
62
63
67
72
75
77
78
79
80
82
92
95
106
109
117
119
121
126
130
131
133
140
145
150
151
162
163
164
166
168
169
171
174
175
182
183
188
189
194
197
199
203
213
214
220
225
226
227
234
235
247
252
260
261
263
268
270
272
273
279
283
285
294
297
300
311
318
323
324
328
343
349
363
371
372
373
378
380
382
383
385
386
389
401
403
408
409
418
422
427
429
432
437
441
442
444
451
454
455
457
458
459
468
473
474
480
483
485
489
492
494
496
500
501
502
503
507
514
517
518
521
525
534
535
542
551
552
561
563
564
566
568
579
584
590
598
600
602
603
609
618
623
627
630
636
639
641
647
650
651
673
674
676
681
684
688
700
703
705
707
710
715
718
719
722
726
727
732
733
735
737
747
749
751
770
771
775
776
779
779
0
3
4
6
10
14
22
27
28
34
35
36
38
40
46
51
57
68
74
80
81
82
84
86
87
90
92
94
96
99
100
103
104
105
107
108
109
113
118
121
124
127
128
130
132
133
135
139
140
144
153
155
158
160
164
165
174
178
189
190
193
196
197
198
201
203
206
208
211
212
218
219
225
226
232
233
243
246
247
250
251
252
253
255
258
259
264
268
275
278
283
285
289
299
304
305
306
307
311
314
322
323
325
326
327
332
333
338
347
348
354
357
358
360
362
364
368
369
370
372
378
379
382
384
386
387
392
405
408
410
411
412
416
417
421
422
428
429
442
447
449
451
456
469
473
474
476
478
480
481
499
500
503
504
511
514
517
518
523
525
526
527
544
549
560
564
571
572
574
578
580
582
585
587
588
592
595
596
605
608
609
615
618
623
624
637
642
644
646
648
652
653
655
658
665
673
676
679
687
694
695
697
704
705
714
717
722
725
731
733
741
743
752
755
757
761
768
771
778
782
782
782
782
782
0
3
4
6
8
12
13
22
23
25
26
28
31
32
33
35
37
39
45
47
48
49
57
62
65
69
70
80
89
90
91
96
99
100
101
109
112
113
119
125
126
128
132
135
141
148
150
157
160
164
173
174
175
177
190
191
194
195
201
206
208
209
216
227
228
233
237
238
240
241
243
249
255
258
261
264
266
276
279
282
285
286
287
298
299
303
312
313
323
324
325
329
331
341
346
349
353
354
357
358
361
362
363
364
367
377
379
381
386
389
395
397
401
411
413
415
417
419
420
422
426
429
433
434
438
440
443
444
446
447
450
451
453
454
456
458
461
463
464
469
472
475
477
479
480
481
483
485
486
488
489
492
499
500
502
503
507
512
513
515
517
519
522
525
529
533
538
539
541
547
552
554
556
557
563
567
570
572
580
586
587
588
592
593
595
597
600
603
604
609
621
624
627
628
632
636
639
640
643
644
650
655
658
662
671
673
674
677
678
682
685
686
688
692
699
703
707
711
712
716
718
721
725
727
729
733
736
740
743
748
750
751
752
756
757
758
765
769
770
784
786
788
789
790
790
790
790
790
8
9
10
11
14
15
16
17
19
22
24
27
30
33
34
37
38
42
46
53
61
65
66
67
69
72
78
88
90
92
93
103
106
109
115
120
124
125
136
139
141
146
155
156
160
164
167
172
177
179
180
181
189
190
194
195
198
202
208
212
215
218
220
221
227
229
232
233
235
244
252
253
265
266
270
271
274
281
282
283
285
294
301
307
313
318
321
325
330
335
341
342
346
352
355
371
377
378
383
385
388
394
399
402
403
405
407
408
415
417
425
427
428
433
434
435
437
442
443
448
450
455
456
457
460
463
466
472
474
475
476
477
481
482
484
493
499
500
501
510
521
522
523
524
525
532
535
541
545
546
548
550
552
554
566
571
577
579
580
581
582
590
591
592
594
597
599
620
624
630
634
640
649
651
653
654
655
660
661
663
664
667
671
673
676
677
678
684
685
686
688
689
691
694
701
706
712
723
726
729
736
737
741
742
745
748
750
758
763
765
768
769
770
776
780
783
787
788
794
795
795
795
795
795
3
5
6
7
14
15
23
27
28
39
40
44
52
53
60
74
81
82
88
89
94
99
102
104
105
106
108
111
112
113
117
118
122
124
125
129
133
140
158
163
167
168
173
186
189
190
192
196
197
199
200
202
211
215
216
217
219
222
225
230
231
236
241
249
260
263
265
269
275
281
282
283
285
288
294
298
300
306
310
315
317
320
322
325
328
333
334
340
342
343
344
348
351
356
357
361
363
367
368
380
382
390
398
409
411
416
421
423
429
430
440
441
447
458
461
463
466
472
477
479
480
483
488
496
499
501
503
505
513
514
517
519
525
526
527
528
530
534
539
540
550
551
556
562
567
568
572
574
577
578
592
593
596
599
603
604
606
612
632
634
641
647
648
651
654
658
659
663
668
674
678
679
682
683
684
686
689
690
691
692
694
698
699
700
709
711
713
715
719
723
725
727
728
732
734
735
740
742
743
746
753
756
760
762
763
766
767
768
777
778
782
785
789
795
796
799
811
811
811
811
811
811
811
811
0
18
19
21
22
26
27
30
40
46
48
50
52
57
59
73
75
78
91
95
96
97
98
99
102
106
112
113
114
115
117
118
119
121
136
138
140
142
148
151
153
156
157
160
167
170
171
177
184
185
188
190
193
195
196
201
205
210
221
222
223
225
226
231
232
235
242
247
251
252
255
257
259
260
262
264
266
269
271
275
276
281
288
289
291
300
307
315
316
322
326
328
329
330
332
333
336
339
340
342
343
346
347
349
350
351
352
367
368
371
374
378
380
382
383
386
393
394
395
410
420
421
422
423
429
433
437
442
443
446
459
470
474
476
488
494
496
500
504
506
508
513
514
516
518
522
523
528
536
538
540
545
554
555
560
563
564
566
574
582
589
591
594
595
596
599
600
601
602
604
605
607
610
612
613
614
616
619
622
625
628
630
631
634
638
645
652
653
665
666
669
676
684
695
696
701
702
710
714
719
720
730
733
740
742
745
749
752
757
759
760
766
768
771
772
773
775
777
778
779
780
783
787
789
794
802
804
809
814
818
818
818
0
7
10
12
16
17
18
19
23
25
27
31
35
41
47
50
51
55
63
73
76
77
81
82
89
92
93
95
100
102
104
106
108
112
119
126
135
136
137
142
148
149
153
154
156
158
160
166
172
173
178
179
182
188
189
208
213
219
220
222
225
226
230
231
239
245
249
253
255
259
260
262
264
266
273
275
278
283
286
287
288
291
294
295
299
307
309
310
312
319
323
324
325
330
331
340
343
350
353
357
358
365
366
370
371
372
386
387
388
395
397
401
404
405
409
413
416
423
426
435
437
444
447
452
458
460
462
465
468
472
473
475
477
483
484
486
489
490
497
502
503
510
514
516
517
518
522
527
533
539
540
544
545
550
551
555
560
564
565
568
572
576
578
594
606
609
612
614
615
622
625
626
634
636
641
642
646
651
658
666
668
670
673
676
678
679
681
685
691
693
697
700
702
707
714
716
720
728
730
731
740
742
748
753
766
767
768
770
773
775
776
778
782
784
786
787
788
801
804
809
814
821
827
827
0
1
11
14
19
24
25
29
33
35
37
38
42
44
46
48
49
52
55
60
63
66
70
71
75
87
88
94
106
107
111
120
130
136
143
144
145
160
161
164
171
172
175
177
180
187
190
193
200
202
206
209
210
211
215
235
242
244
245
246
253
254
256
259
260
261
263
266
272
273
274
275
276
278
280
281
282
284
286
288
290
294
297
299
301
303
304
311
317
318
327
331
334
335
340
344
349
352
356
359
363
364
365
372
377
379
384
386
394
398
406
409
414
415
417
422
428
432
435
439
440
441
443
449
451
453
455
457
469
478
481
486
489
490
491
496
498
505
507
508
509
516
518
520
522
524
525
529
533
534
536
538
539
542
547
549
551
552
561
562
566
570
573
575
576
581
582
583
584
586
587
589
596
600
611
612
613
617
622
623
628
631
632
633
638
639
642
653
655
662
666
671
674
675
677
678
679
682
685
686
695
696
697
703
704
708
710
714
715
716
721
723
724
729
734
735
738
743
746
749
753
754
758
762
764
767
768
773
776
787
792
796
798
799
801
803
805
806
807
811
812
814
816
820
824
825
826
827
830
839
839
839
839
839
839
839
1
5
7
8
9
12
21
22
24
27
30
31
32
35
36
41
43
44
45
46
51
56
61
63
64
76
78
81
98
105
108
114
115
121
123
126
127
131
135
141
145
152
153
163
165
166
170
173
177
182
188
197
206
208
209
222
223
229
231
232
234
241
243
246
247
248
250
251
253
258
259
260
264
268
271
274
280
288
289
294
296
305
308
314
315
316
324
327
329
330
335
340
345
355
356
363
364
367
374
375
377
379
380
382
386
391
393
395
402
404
410
411
421
426
428
430
436
440
443
446
452
453
454
455
458
465
467
469
471
475
478
481
483
489
490
491
499
500
503
510
517
521
524
530
535
543
545
546
549
552
554
556
558
562
565
568
572
573
580
583
584
585
588
591
594
599
601
606
610
616
624
627
628
631
632
635
637
639
642
644
645
652
654
655
658
660
661
662
663
667
668
673
677
681
683
684
686
691
692
695
696
697
701
702
703
705
711
712
715
718
719
721
722
723
724
728
731
734
738
739
741
748
751
756
757
758
759
763
764
768
774
783
793
795
798
799
800
801
810
811
812
813
816
819
822
824
825
827
831
832
833
840
840
840
840
840
3
8
9
10
13
19
22
24
27
31
35
37
43
46
49
59
64
65
70
71
72
73
77
79
80
81
90
99
115
120
121
125
126
127
132
137
138
143
145
157
159
165
179
181
186
189
194
198
210
211
214
218
220
227
229
238
239
248
252
254
256
257
258
264
267
271
273
275
287
291
293
297
298
300
307
310
317
318
320
322
325
326
330
339
345
346
349
350
356
357
361
363
371
373
376
380
384
385
386
391
401
403
406
408
415
421
425
427
435
436
437
441
443
444
446
447
448
449
450
454
455
457
458
459
467
469
470
475
478
479
483
488
489
497
500
506
508
509
514
515
517
525
527
529
531
533
543
544
553
558
561
563
564
576
577
578
582
585
586
588
589
590
594
595
596
597
599
609
610
612
619
627
628
630
632
633
638
641
646
648
649
651
653
658
661
663
668
677
682
687
688
694
703
706
711
714
718
721
722
724
726
728
730
733
737
738
745
746
747
750
751
752
762
766
768
772
776
778
779
785
786
788
789
792
797
798
799
802
803
808
809
812
813
815
822
827
830
832
836
843
844
845
845
845
845
845
845
845
2
7
9
17
28
29
30
33
36
43
45
55
59
61
64
66
68
75
76
79
82
84
87
90
95
96
97
99
103
109
110
111
112
115
117
123
128
132
133
135
138
142
145
149
153
154
155
157
158
162
165
167
168
170
176
177
182
183
187
188
191
193
194
195
196
197
203
206
208
210
212
213
214
215
220
226
228
232
234
235
236
237
239
240
242
243
246
249
250
255
262
266
268
269
274
281
284
285
286
291
293
296
306
307
311
313
314
323
325
327
337
338
339
344
349
353
363
371
376
380
381
382
389
392
393
395
397
399
403
404
406
410
413
415
420
424
426
430
434
439
441
442
445
447
452
454
459
466
467
470
471
473
474
475
481
484
485
489
493
495
497
507
510
512
516
522
533
541
544
547
548
551
554
556
561
562
566
568
575
577
583
590
593
595
596
598
603
611
613
617
623
625
630
633
638
639
649
650
652
653
654
659
665
673
676
679
683
688
691
697
699
700
701
703
704
708
710
715
719
722
724
730
736
741
745
747
756
757
763
764
769
770
776
781
783
785
786
791
793
798
800
801
807
810
814
816
818
825
826
827
832
849
850
856
858
858
3
5
7
9
10
12
17
33
38
48
52
55
56
58
60
63
65
66
73
77
78
85
86
95
100
103
109
111
113
125
126
130
134
138
139
146
149
160
162
168
171
176
178
181
182
184
186
190
193
194
201
203
209
215
217
221
228
232
233
239
240
244
247
248
249
251
255
258
259
267
268
269
273
280
281
282
285
286
291
295
296
298
305
312
322
324
335
336
337
339
340
341
342
345
358
367
369
376
379
391
397
401
416
418
420
421
422
426
427
429
430
432
433
434
440
442
445
450
459
463
464
467
475
483
484
485
486
489
491
503
508
509
510
511
517
518
521
522
527
530
531
543
544
548
549
555
563
578
580
582
583
586
593
601
617
618
620
622
628
630
633
639
643
653
657
658
659
666
669
670
683
685
686
693
694
697
698
699
701
702
703
704
705
707
709
717
721
725
733
735
753
755
756
761
769
771
772
775
788
791
793
794
795
798
806
810
821
826
828
829
831
834
835
840
843
845
853
859
859
859
859
859
859
859
2
3
4
5
17
18
22
32
33
34
37
41
44
45
46
54
63
69
70
73
77
85
86
87
94
97
98
99
104
109
110
120
129
130
133
136
143
144
147
152
153
159
161
162
164
167
168
170
173
183
188
199
200
201
207
210
212
213
214
220
223
226
228
229
230
232
233
247
254
257
258
259
261
266
267
273
281
288
290
294
297
300
305
312
314
316
317
320
324
329
331
344
347
349
350
368
374
378
379
387
389
390
397
405
411
417
419
420
424
436
438
440
442
444
448
456
459
460
463
464
468
474
477
480
484
486
487
493
501
502
505
507
513
516
517
524
525
526
532
533
534
540
541
543
550
554
555
559
563
564
570
572
573
577
579
586
606
608
610
611
613
615
617
623
631
632
636
637
640
644
645
652
654
656
658
661
663
664
665
667
674
675
677
678
683
686
693
701
708
721
725
728
730
741
742
751
757
767
770
773
774
775
780
781
784
785
786
789
798
802
805
810
812
816
833
840
846
848
850
851
857
869
870
875
876
876
876
876
876
876
876
876
0
9
10
20
22
30
34
35
42
43
47
49
50
53
58
62
63
64
66
71
72
73
76
80
86
95
97
103
105
113
118
122
124
128
134
143
145
157
158
164
166
168
174
177
203
205
208
209
210
215
220
225
226
232
238
239
240
242
243
247
260
272
273
278
286
288
292
300
302
304
312
313
323
327
330
333
334
335
337
345
349
351
352
355
369
376
380
385
388
389
393
395
398
400
403
411
412
413
419
422
423
424
427
428
434
438
442
443
455
456
457
459
463
464
469
480
485
488
491
498
502
505
511
521
525
536
537
542
548
555
561
562
563
569
574
577
578
581
582
588
589
596
600
608
609
611
615
624
627
629
633
635
636
638
644
645
648
651
655
656
657
660
668
678
681
687
692
693
701
703
705
707
708
709
713
721
725
730
732
736
738
744
749
750
752
755
759
763
765
770
772
778
780
782
789
790
795
797
803
804
806
809
812
814
820
826
828
830
833
834
837
838
841
844
847
854
861
862
864
867
869
871
876
877
878
879
881
881
881
881
881
881
1
4
8
12
13
15
21
25
26
27
29
34
37
42
46
60
64
66
72
77
84
85
95
96
100
105
107
108
109
112
117
123
125
129
132
148
149
150
152
153
155
156
157
160
162
165
168
170
171
172
179
186
187
188
191
194
195
197
200
202
205
206
213
218
223
234
238
248
250
255
265
271
273
281
290
293
294
295
301
303
304
306
309
319
323
326
330
334
339
345
346
350
351
352
353
355
357
365
370
371
376
377
391
396
397
401
423
429
430
432
433
436
438
439
442
445
449
450
455
463
467
468
471
476
477
497
498
501
506
508
514
515
516
520
521
538
540
546
554
559
561
566
571
572
577
582
587
589
596
598
600
601
603
607
609
614
620
624
625
626
628
630
636
637
638
639
640
642
647
648
649
656
662
664
674
675
683
688
690
692
700
702
705
708
709
712
715
719
720
724
728
736
741
746
747
749
751
752
759
765
767
768
772
778
779
782
785
787
796
798
807
808
811
812
815
821
823
829
843
846
852
862
867
874
878
881
890
891
891
891
891
891
1
3
4
6
7
9
19
20
23
25
36
37
38
63
65
69
70
71
74
79
85
91
96
98
121
128
136
149
155
158
160
163
164
169
177
180
182
189
198
203
215
220
221
223
226
227
228
232
233
236
238
240
242
251
255
258
260
265
266
268
277
279
281
284
285
286
293
295
307
308
311
315
329
332
334
345
348
351
355
357
364
367
369
370
371
374
376
377
378
382
385
388
393
401
402
408
409
410
415
419
421
424
428
432
433
436
437
438
443
445
450
451
452
459
461
464
467
475
476
480
483
486
488
489
490
492
494
495
496
499
504
507
511
516
524
525
529
534
536
543
545
546
550
553
565
574
578
583
589
590
591
593
599
602
603
604
606
612
622
630
636
640
645
646
647
649
651
652
653
657
661
668
672
673
674
682
689
695
700
703
705
706
713
715
717
718
726
727
736
738
739
746
747
752
754
756
763
764
774
777
778
782
783
788
791
800
803
807
808
810
811
812
814
824
829
830
835
836
837
839
841
844
847
852
855
859
861
862
864
867
868
869
872
874
875
878
879
880
882
887
888
890
890
890
890
890
890
890
1
7
8
9
13
16
18
26
32
42
44
45
48
51
54
56
57
59
60
63
64
69
75
80
89
91
93
96
104
106
111
116
118
122
125
130
135
137
140
142
143
147
151
157
158
159
165
167
168
169
170
176
179
182
183
186
187
188
190
196
200
201
204
206
207
213
214
215
217
218
220
221
223
226
228
241
246
250
256
260
262
267
275
277
278
284
285
287
290
293
297
302
306
308
310
313
314
316
317
325
327
331
332
335
347
349
350
354
357
360
362
364
366
368
371
373
375
381
383
385
388
392
395
396
403
405
411
412
427
439
442
446
447
451
454
458
463
466
468
474
479
484
486
489
490
492
494
497
503
510
513
514
519
521
527
533
534
541
547
552
557
559
560
561
564
566
588
590
592
597
598
599
602
608
611
614
617
620
621
622
623
626
628
629
635
639
641
649
651
652
653
663
672
673
674
679
681
682
685
699
702
705
707
708
712
727
735
737
739
748
752
754
762
766
768
769
776
780
782
783
784
785
788
792
795
800
801
802
809
811
816
817
822
823
825
828
837
839
840
852
856
857
860
867
868
873
874
880
881
885
889
890
891
895
907
907
5
8
14
19
21
27
28
30
33
35
43
45
47
52
57
61
62
63
66
69
70
75
82
89
97
100
106
108
109
114
116
122
125
134
135
137
144
145
149
156
158
160
161
162
165
169
175
180
183
186
192
193
196
198
201
209
214
218
221
222
225
229
233
236
239
242
249
250
251
255
257
259
262
265
270
271
272
279
281
282
283
284
286
287
290
291
303
304
306
312
313
315
316
326
333
334
336
339
346
347
349
352
358
360
365
383
387
389
391
395
396
397
398
404
408
413
418
422
423
424
425
430
433
434
435
436
442
443
445
450
456
462
464
467
468
469
472
475
484
486
490
495
507
509
512
514
519
523
524
526
527
530
532
538
539
542
545
547
550
552
559
560
564
570
572
575
578
581
582
583
593
597
599
600
601
606
607
617
627
630
639
647
649
653
660
661
662
663
664
667
668
670
672
676
677
686
688
692
696
697
701
702
704
706
708
711
716
719
722
727
730
734
735
739
742
748
750
754
759
760
776
777
778
779
781
787
788
789
794
796
806
809
810
812
819
821
825
831
833
847
848
851
854
859
860
863
866
869
871
872
873
883
884
892
895
898
901
902
908
917
917
917
917
917
4
8
15
17
19
23
24
26
30
35
42
49
53
54
55
61
64
66
67
73
78
81
84
86
89
91
94
96
97
100
107
108
110
111
119
122
126
128
131
133
139
141
142
144
146
150
151
155
156
158
159
161
164
172
184
190
199
202
203
206
207
210
214
215
216
221
222
223
228
231
235
237
239
242
244
246
247
248
254
259
261
268
275
282
289
295
301
302
303
306
307
312
313
315
320
324
326
329
330
334
335
342
344
347
348
349
350
356
363
368
396
399
404
407
409
414
416
424
429
436
439
440
442
454
459
463
464
468
470
471
480
486
487
488
491
492
497
499
500
504
506
510
519
521
523
526
527
533
534
539
543
547
548
550
551
553
559
562
563
567
569
577
579
581
582
586
587
594
595
596
602
606
611
612
615
619
630
632
641
644
645
648
652
656
658
659
660
664
665
666
667
668
669
675
679
681
688
690
697
699
704
705
707
709
711
713
714
720
721
724
727
728
731
732
733
734
736
738
742
750
759
764
773
778
787
790
796
798
802
803
804
807
808
809
813
814
815
818
820
825
827
828
831
837
839
842
843
844
856
859
867
872
875
876
879
880
883
892
899
901
906
907
911
913
918
918
918
918
918
918
918
918
5
8
9
14
16
20
25
34
35
38
55
58
64
67
70
73
74
76
77
83
88
89
92
103
105
111
118
119
120
122
123
138
140
141
144
147
151
156
158
172
174
177
179
180
184
187
194
196
200
201
202
203
204
206
207
217
218
220
222
231
237
238
239
240
244
248
254
257
264
265
267
268
270
273
276
277
278
280
282
289
291
293
297
301
303
305
309
311
313
318
319
320
322
327
336
343
348
350
355
356
358
361
362
364
368
372
373
376
377
379
381
386
388
399
404
405
408
412
415
420
425
426
427
428
441
443
445
446
454
458
473
475
478
480
482
483
487
496
497
500
503
505
507
513
515
516
521
522
531
532
540
541
543
550
552
555
556
563
570
574
575
577
578
579
581
585
588
589
590
591
595
600
608
610
635
640
643
644
648
649
654
655
656
662
664
678
681
687
691
699
700
705
707
717
718
726
729
730
733
743
744
746
747
748
749
759
764
767
769
771
773
793
794
795
802
809
813
814
817
820
821
823
832
833
840
845
851
853
854
857
858
861
862
865
867
870
872
881
885
887
888
890
896
897
900
901
905
907
911
912
914
915
924
927
927
927
1
2
5
9
14
15
16
22
24
26
27
29
34
37
41
42
48
55
59
60
61
63
64
66
68
71
75
81
89
92
93
99
101
104
107
108
118
119
121
123
132
138
141
144
149
152
155
159
160
162
165
166
168
169
170
173
176
178
185
187
191
195
196
200
201
205
215
220
223
231
235
236
238
241
242
244
248
251
253
255
261
269
270
272
273
278
279
280
282
293
307
312
322
324
326
329
341
342
345
346
347
351
355
357
368
375
378
379
380
383
387
388
391
392
393
396
398
400
401
404
408
410
411
414
416
419
421
424
425
426
429
435
444
449
453
455
457
460
461
464
466
467
472
474
476
479
481
483
486
490
493
498
504
505
509
510
511
520
524
525
527
531
534
535
543
545
549
550
553
557
558
561
563
565
574
576
579
581
582
583
586
588
591
594
600
609
617
623
624
626
627
633
638
640
641
643
645
649
664
668
670
672
673
677
686
687
691
696
698
700
701
703
704
709
710
715
716
717
720
723
726
729
731
733
746
750
752
756
759
761
769
771
772
773
774
777
778
782
783
788
789
790
793
794
795
797
803
805
807
808
809
816
820
825
826
827
829
836
837
838
841
842
848
853
857
862
865
866
868
871
873
874
876
879
881
883
886
887
890
896
899
901
908
927
932
933
937
938
942
942
942
942
942
942
942
942
0
4
11
17
22
23
25
27
30
34
38
40
46
57
64
68
71
74
77
79
80
81
83
86
90
91
92
93
102
106
107
109
116
120
123
127
129
130
134
150
155
159
161
163
164
169
173
175
183
184
187
193
197
200
202
204
205
207
212
214
215
222
226
230
231
232
236
237
244
245
251
254
255
258
259
262
269
273
279
283
285
295
296
297
298
299
302
305
315
318
325
331
333
344
358
367
369
370
373
374
376
377
388
393
396
397
399
400
401
403
404
405
406
412
415
429
432
435
437
440
441
444
449
451
457
459
460
461
462
463
465
475
478
479
481
483
484
485
487
488
490
493
497
499
500
501
503
504
506
508
509
510
516
525
527
529
534
540
547
551
554
558
559
562
563
565
571
579
580
581
582
596
597
601
607
611
612
616
621
623
625
626
627
628
635
636
637
638
639
640
641
643
647
648
650
654
659
662
672
677
680
684
685
697
699
701
703
707
713
714
720
721
728
741
748
753
755
767
772
774
790
795
808
810
814
815
820
823
830
832
834
840
842
844
848
855
856
859
861
863
864
865
866
870
872
875
881
882
889
890
894
896
898
911
912
922
925
927
936
938
945
947
947
947
0
7
8
10
12
18
24
28
35
42
49
56
57
59
65
70
71
72
80
90
95
100
102
103
108
109
110
113
116
132
136
140
142
143
146
149
150
153
169
172
177
178
189
191
192
194
199
215
216
217
222
226
228
229
230
233
242
251
256
264
266
270
275
276
278
279
282
283
284
285
286
289
291
294
298
301
304
311
314
316
321
322
324
327
328
329
330
333
334
342
345
349
357
358
359
368
374
391
397
399
400
405
406
421
422
425
426
431
433
434
435
436
437
438
440
442
445
447
450
451
452
455
459
463
465
470
479
488
491
492
494
501
521
522
524
527
533
537
541
546
549
555
558
568
570
572
580
603
606
608
610
611
621
622
625
639
641
645
646
648
651
652
653
657
667
672
679
683
684
694
700
702
705
706
707
711
712
716
723
724
725
726
732
733
738
741
742
745
749
753
754
756
758
759
761
762
771
773
775
779
780
781
784
788
804
805
806
809
813
814
815
822
829
833
836
838
840
845
846
851
856
858
861
862
871
878
886
887
888
892
895
896
901
905
907
909
919
925
926
928
932
934
943
945
954
954
954
954
0
10
15
18
28
35
36
37
38
39
43
53
57
60
61
63
64
65
66
68
77
79
80
81
82
86
88
89
92
97
98
101
104
105
112
113
114
125
131
138
142
149
151
158
160
161
167
181
185
186
189
191
193
194
196
198
204
211
214
215
219
221
223
226
229
230
236
237
242
244
248
254
255
258
272
275
279
284
285
286
287
288
289
294
299
306
314
320
331
332
335
344
345
347
354
355
357
360
363
366
369
378
379
380
382
384
385
389
390
393
396
398
404
406
407
408
409
419
424
425
426
433
434
439
440
445
453
454
455
456
460
466
468
487
490
492
495
496
497
498
503
507
508
512
523
533
536
554
560
564
566
569
576
579
581
583
594
598
601
603
608
610
612
613
616
619
623
628
629
630
637
639
644
646
649
650
651
667
669
670
672
674
676
679
685
695
706
708
709
720
725
729
735
738
745
747
764
768
772
787
790
795
799
805
809
811
815
817
821
823
824
827
830
833
836
837
841
842
845
849
863
864
866
869
874
876
880
885
893
894
901
907
910
912
917
918
919
921
924
925
929
930
932
936
937
940
948
951
954
956
959
965
965
965
965
965
1
2
3
4
6
8
15
21
29
34
35
39
43
53
54
62
63
67
68
69
70
80
84
89
91
99
102
104
119
121
123
125
131
134
138
140
141
143
144
156
158
161
163
165
167
171
172
175
177
179
184
187
190
192
194
200
203
206
207
209
212
217
218
223
228
229
238
241
242
245
251
254
258
260
261
266
267
275
276
278
281
283
285
290
292
294
298
301
306
307
311
320
326
352
355
359
360
362
366
369
370
375
376
378
382
386
388
389
395
396
401
407
415
418
431
434
435
440
457
462
466
467
468
471
478
481
485
487
492
493
499
506
507
508
512
514
516
522
524
527
529
532
534
535
537
539
540
542
543
547
549
551
553
556
558
560
563
566
568
572
579
583
584
585
586
590
596
598
601
607
611
614
617
618
620
623
625
627
636
638
639
641
643
645
648
654
661
663
666
670
672
676
677
678
691
692
698
699
711
713
715
720
728
731
732
733
735
737
739
741
748
752
756
763
764
766
774
780
785
788
791
796
802
803
804
807
812
813
815
826
827
832
837
850
852
856
860
862
867
868
880
887
888
891
893
896
907
919
920
924
932
935
936
941
943
944
950
954
958
958
958
958
958
958
4
6
8
10
12
17
21
23
24
35
36
38
42
52
57
61
65
71
83
86
89
90
91
92
94
95
101
102
103
105
108
109
115
116
118
122
124
126
132
135
136
140
142
146
152
154
157
161
162
165
171
173
177
182
187
190
193
194
204
206
209
210
213
218
219
226
227
230
231
235
237
238
241
244
257
261
262
263
272
284
290
295
298
304
319
332
339
341
345
352
362
364
369
370
371
373
377
378
381
388
389
394
407
409
410
412
413
414
423
427
432
444
446
449
459
461
467
469
470
472
476
477
482
484
485
489
493
497
500
502
503
504
509
511
515
524
528
530
531
533
540
544
546
547
559
561
565
577
578
579
585
586
589
590
593
594
595
598
599
606
609
613
614
616
617
620
623
627
628
629
631
636
638
643
644
646
648
651
652
653
654
658
661
663
665
673
678
679
685
688
693
695
698
701
702
706
707
708
710
712
714
715
716
718
722
723
724
725
727
728
729
730
732
733
739
746
748
755
756
757
760
764
770
771
775
776
786
794
804
805
806
809
815
819
825
826
829
830
832
833
838
840
844
848
849
872
873
877
881
883
887
896
902
911
914
917
930
931
934
937
939
941
943
951
954
960
964
965
968
974
975
976
978
981
981
981
981
981
981
981
1
6
8
10
14
21
24
25
29
34
35
41
43
48
49
50
52
53
54
56
61
66
74
77
79
82
84
88
90
91
92
96
102
107
114
117
134
137
138
140
142
143
146
149
150
151
152
153
158
160
162
164
174
178
184
191
192
194
198
200
201
211
212
218
220
222
226
228
229
239
244
257
259
272
274
275
284
285
286
287
289
298
301
302
303
310
314
322
333
336
341
343
354
357
364
365
368
370
376
378
384
385
391
394
395
406
412
416
423
425
426
432
434
437
439
446
448
449
450
454
456
458
459
461
470
471
473
474
477
480
486
487
491
499
511
512
513
514
521
524
527
528
530
531
532
533
538
539
540
542
550
553
556
559
560
572
573
578
579
581
589
590
596
600
604
606
613
621
624
625
629
631
632
633
634
643
645
646
648
649
652
657
660
663
666
667
681
689
694
697
703
718
720
721
724
735
736
749
751
752
758
760
763
765
771
773
785
786
787
790
792
795
798
804
809
810
812
813
816
817
818
820
824
833
834
835
836
841
842
846
847
849
851
854
857
863
865
868
875
880
884
886
890
894
903
906
910
912
916
917
928
932
943
950
952
953
956
958
959
961
964
965
966
968
970
971
973
978
984
986
986
986
2
10
13
15
17
18
20
21
22
23
25
30
35
38
48
49
51
57
60
64
65
73
75
76
80
86
88
92
94
95
97
101
103
106
108
111
113
115
124
125
128
132
139
141
149
154
160
162
164
166
170
174
180
183
184
198
203
205
206
209
211
217
219
224
232
233
236
242
243
244
249
251
262
265
266
267
268
271
272
273
281
283
286
288
289
292
294
295
302
304
309
314
316
326
336
345
349
350
351
356
358
360
362
371
376
379
383
387
395
396
401
409
415
417
418
420
422
426
438
443
445
449
451
453
458
462
463
466
479
480
493
498
499
501
504
505
514
517
519
529
532
534
536
537
540
543
545
550
552
557
559
563
566
568
577
579
585
586
587
595
598
599
600
603
604
605
607
609
610
611
613
615
616
630
637
638
639
640
643
644
646
648
649
650
651
652
668
671
673
676
679
685
688
690
691
692
695
697
699
700
702
707
713
715
717
719
720
724
725
726
735
736
742
744
748
753
758
761
762
766
767
768
774
775
777
778
780
784
790
792
795
796
807
809
826
830
832
837
845
847
848
857
861
862
863
865
867
868
870
871
872
873
878
879
880
882
883
890
893
897
898
900
902
907
911
914
916
917
919
928
929
937
938
943
944
948
949
950
951
952
953
954
955
962
964
966
968
969
973
975
976
978
981
982
983
984
994
994
994
994
994
994
994
994
