0
1
2
3
4
5
6
7
8
9
10
12
14
16
18
20
21
194
195
197
198
199
200
201
203
204
205
206
207
208
210
211
213
215
217
218
220
222
224
225
227
229
231
232
234
236
238
239
243
244
246
248
250
0
0
0
0
0
0
0
0
0
0
0
0
1
2
3
4
7
8
9
10
11
12
13
14
15
16
17
21
22
23
24
25
26
27
28
29
196
199
201
202
203
204
205
206
207
208
209
210
211
212
213
214
215
216
217
218
219
220
221
222
223
225
226
227
228
229
233
235
247
248
249
251
252
253
254
255
256
257
258
259
260
261
262
263
264
265
266
267
268
269
270
272
274
0
0
0
0
0
0
0
0
0
0
0
0
0
0
4
5
6
7
8
9
10
11
14
15
16
17
18
19
20
21
22
23
24
25
28
29
30
31
32
33
34
35
36
37
198
205
206
212
224
227
229
230
231
232
233
234
235
236
237
239
240
241
242
243
244
245
246
247
248
249
250
252
253
254
255
258
260
267
271
272
273
275
276
277
278
279
280
281
282
284
285
286
288
289
290
291
292
293
294
296
298
0
0
0
0
0
0
0
0
0
10
11
12
13
14
15
16
17
18
19
22
23
24
25
26
27
28
29
30
31
32
33
36
37
38
39
40
41
42
43
44
45
213
219
220
226
227
233
234
240
251
253
255
256
257
258
259
260
261
262
263
264
265
266
267
268
269
270
271
272
273
274
276
277
278
279
282
284
291
295
296
297
299
300
301
302
303
304
305
306
307
308
309
310
311
312
313
314
315
316
317
318
320
322
0
0
18
19
20
21
22
23
24
25
26
27
30
31
32
33
34
35
36
37
38
39
40
41
44
45
46
47
48
49
50
51
52
53
241
246
252
253
258
259
264
275
277
279
280
282
283
284
285
286
287
288
289
290
291
292
293
294
295
296
297
298
300
301
302
303
306
308
315
319
320
321
323
324
326
327
328
330
331
332
333
334
335
336
337
338
339
340
341
342
344
346
0
0
0
0
0
0
26
27
28
29
30
31
32
33
38
39
40
41
42
43
44
45
46
47
52
53
54
55
56
57
58
59
60
61
265
270
271
276
277
282
283
299
301
303
304
305
306
307
308
309
310
311
312
313
314
315
316
317
318
319
320
321
322
324
325
326
339
343
344
345
347
348
349
350
351
352
353
354
355
356
357
358
359
360
361
362
363
364
365
366
368
0
0
0
0
0
0
0
0
0
0
0
34
35
36
37
38
39
40
41
42
43
48
49
50
51
52
53
54
55
56
57
62
63
64
65
66
67
68
69
288
294
295
300
301
306
307
312
327
328
329
330
331
332
333
334
335
336
337
338
339
340
341
342
343
344
345
346
348
349
350
351
354
356
369
370
372
373
374
375
376
377
378
379
380
381
382
383
384
385
386
387
388
389
390
392
394
0
0
0
0
0
0
0
0
0
0
0
42
43
44
45
46
47
48
49
51
54
55
56
57
58
59
60
61
62
63
65
68
69
70
71
72
73
74
75
76
77
313
318
319
324
325
330
336
347
349
351
352
353
354
355
356
357
358
359
360
361
362
363
364
366
367
368
369
370
372
374
378
380
387
391
392
393
395
396
397
398
399
400
401
402
403
404
405
406
407
408
410
411
412
414
416
418
0
0
0
0
0
0
0
0
0
0
50
51
52
53
54
55
56
57
58
59
63
64
65
66
67
68
69
70
71
72
73
77
78
79
80
81
82
83
84
85
337
342
343
348
349
354
355
360
371
373
375
376
377
378
379
380
381
382
383
384
385
386
387
388
389
390
391
392
393
394
396
397
398
399
402
404
415
416
417
419
420
421
422
423
424
425
426
427
428
429
430
431
432
433
434
435
436
437
438
440
442
0
0
0
0
0
58
59
60
61
62
63
64
65
66
67
70
71
72
73
74
75
76
77
78
79
80
81
84
85
86
87
88
89
90
91
92
93
361
366
367
372
378
379
384
395
397
399
400
401
402
403
404
405
406
408
409
410
411
412
413
414
415
416
417
418
420
421
422
423
426
428
435
439
440
441
443
444
445
446
447
448
449
450
452
453
454
456
457
458
459
460
461
462
464
466
0
0
0
0
0
0
66
67
68
69
70
71
72
73
74
75
78
79
80
81
82
83
84
85
86
87
88
89
92
93
94
95
96
97
98
99
100
101
385
390
391
396
397
402
403
408
419
421
423
424
425
426
427
428
429
430
431
432
433
434
435
436
437
438
439
440
441
442
444
445
446
447
450
452
459
463
464
465
467
468
469
470
471
472
473
474
475
476
477
478
479
480
481
482
483
484
485
486
488
490
0
0
74
75
76
77
78
79
80
81
82
83
86
87
88
89
90
91
92
93
94
95
96
97
98
100
101
102
103
104
105
106
107
108
109
409
414
420
421
426
427
432
443
445
447
448
450
451
452
453
454
455
456
457
458
459
460
461
462
463
464
465
466
468
469
470
471
472
474
475
476
483
487
488
489
491
492
494
495
496
498
499
500
501
502
503
504
505
506
507
508
509
510
512
514
0
0
0
82
83
84
85
86
87
88
89
94
95
96
97
98
99
100
101
102
103
108
109
110
111
112
113
114
115
116
117
433
438
439
444
445
450
451
467
469
471
472
473
474
475
476
477
478
479
480
481
482
483
484
485
486
487
488
489
490
492
493
494
507
511
512
513
514
515
516
517
518
519
520
521
522
523
524
525
526
527
528
529
530
531
532
533
534
536
0
0
0
0
0
0
0
0
0
0
90
91
92
93
94
95
96
97
98
99
104
105
106
107
108
109
110
111
112
113
118
119
120
121
122
123
124
125
456
462
463
468
469
474
475
480
495
496
497
498
499
500
501
502
503
504
505
506
507
508
509
510
511
512
513
514
516
517
518
519
522
524
537
538
540
541
542
543
544
545
546
547
548
549
550
551
552
553
554
555
556
557
558
560
562
0
0
0
0
0
0
0
0
0
0
0
98
99
100
101
102
103
104
105
107
110
111
112
113
114
115
116
117
118
119
121
124
125
126
127
128
129
130
131
132
133
481
486
487
492
493
498
504
515
517
519
520
521
522
523
524
525
526
527
528
529
530
531
532
534
535
536
537
538
540
542
546
548
555
559
560
561
563
564
565
566
567
568
569
570
571
572
573
574
575
576
578
579
580
582
584
586
0
0
0
0
0
0
0
0
0
0
106
107
108
109
110
111
112
113
114
115
119
120
121
122
123
124
125
126
127
128
129
133
134
135
136
137
138
139
140
141
505
510
511
516
517
522
523
528
539
541
543
544
545
546
547
548
549
550
551
552
553
554
555
556
557
558
559
560
561
562
564
565
566
567
570
572
583
584
585
587
588
589
590
591
592
593
594
595
596
597
598
599
600
601
602
603
604
605
606
608
610
0
0
0
0
0
114
115
116
117
118
119
120
121
122
123
126
127
128
129
130
131
132
133
134
135
136
137
140
141
142
143
144
145
146
147
148
149
529
534
535
540
546
547
552
563
565
567
568
569
570
571
572
573
574
576
577
578
579
580
581
582
583
584
585
586
588
589
590
591
594
596
603
607
608
609
611
612
613
614
615
616
617
618
620
621
622
624
625
626
627
628
629
630
632
634
0
0
0
0
0
0
122
123
124
125
126
127
128
129
130
131
134
135
136
137
138
139
140
141
142
143
144
145
148
149
150
151
152
153
154
155
156
157
553
558
559
564
565
570
571
576
587
589
591
592
593
594
595
596
597
598
599
600
601
602
603
604
605
606
607
608
609
610
612
613
614
615
618
620
627
631
632
633
635
636
637
638
639
640
641
642
643
644
645
646
647
648
649
650
651
652
653
654
656
658
0
0
130
131
132
133
134
135
136
137
138
139
142
143
144
145
146
147
148
149
150
151
152
153
156
157
158
159
160
161
162
163
164
165
577
582
588
589
594
595
600
611
613
615
616
618
619
620
621
622
623
624
625
626
627
628
629
630
631
632
633
634
636
637
638
639
642
644
651
655
656
657
659
660
662
663
664
666
667
668
669
670
671
672
673
674
675
676
677
678
680
682
0
0
0
0
0
0
138
139
140
141
142
143
144
145
150
151
152
153
154
155
156
157
158
159
164
165
166
167
168
169
170
171
172
173
601
606
607
612
613
618
619
635
637
639
640
641
642
643
644
645
646
647
648
649
650
651
652
653
654
655
656
657
658
660
661
662
675
679
680
681
683
684
685
686
687
688
689
690
691
692
693
694
695
696
697
698
699
700
701
702
704
0
0
0
0
0
0
0
0
0
0
0
146
147
148
149
150
151
152
153
154
155
160
161
162
163
164
165
166
167
168
169
174
175
176
177
178
179
180
181
624
630
631
636
637
642
643
648
663
664
665
666
667
668
669
670
671
672
673
674
675
676
677
678
679
680
681
682
684
685
686
687
690
692
705
706
708
709
710
711
712
713
714
715
716
717
718
719
720
721
722
723
724
725
726
728
730
0
0
0
0
0
0
0
0
0
0
0
154
155
156
157
158
159
160
161
163
166
167
168
169
170
171
172
173
174
175
177
180
181
182
183
184
185
186
187
649
654
655
660
661
666
672
683
685
687
688
689
690
691
692
693
694
695
696
697
698
699
700
702
703
704
705
706
708
710
714
716
723
727
728
729
731
732
733
734
735
736
737
738
739
740
741
742
743
744
746
747
748
751
753
0
0
0
0
0
0
0
0
0
0
0
0
0
162
163
164
165
166
167
168
169
170
171
175
176
177
178
179
180
181
182
183
184
185
188
189
190
191
673
678
679
684
685
690
691
696
707
709
711
712
713
714
715
716
717
718
719
720
721
722
723
724
725
726
727
728
729
730
732
733
734
735
738
740
750
751
752
754
755
756
757
758
759
760
761
762
763
764
765
766
767
768
769
771
773
0
0
0
0
0
0
0
0
0
0
0
0
0
0
170
171
172
173
176
178
180
182
183
184
185
186
187
188
189
190
191
192
193
697
702
703
715
721
727
731
733
735
736
737
738
739
740
741
742
744
745
746
749
750
752
754
755
757
759
760
762
764
765
767
770
771
772
774
775
776
777
778
779
781
0
0
0
0
0
6
7
8
20
184
186
191
192
193
194
195
196
197
198
199
200
201
243
244
245
739
745
769
770
772
774
775
777
780
0
0
0
1
6
7
8
9
10
21
22
195
196
198
199
200
201
202
203
204
205
206
207
208
209
248
249
250
251
0
0
0
0
0
1
2
3
8
9
10
11
12
23
24
203
206
207
208
209
210
211
212
213
214
215
216
217
218
254
255
256
257
0
0
0
0
2
3
4
11
12
13
14
15
25
26
214
215
216
217
218
219
220
221
222
223
224
225
226
228
260
261
262
263
0
0
0
0
3
4
5
13
14
15
16
17
18
27
28
222
223
224
225
226
227
228
229
230
231
232
233
234
235
236
266
267
268
269
0
0
4
5
15
16
17
18
19
29
30
229
230
231
232
233
234
235
236
237
238
239
240
241
242
272
273
274
275
0
0
0
0
0
6
7
8
17
18
19
20
21
22
31
32
34
198
199
237
238
240
241
242
243
244
245
246
247
248
249
278
279
280
281
285
286
287
0
0
0
0
0
0
0
0
0
0
0
0
0
0
0
7
8
9
10
11
12
20
21
22
23
24
35
36
205
206
212
213
244
245
246
247
248
249
250
251
252
253
254
255
256
257
290
291
292
293
0
0
0
0
0
0
0
0
0
0
0
0
0
9
10
11
12
13
14
23
24
25
26
27
28
37
38
212
213
219
220
254
255
256
257
258
259
260
261
262
263
264
265
266
267
296
297
298
299
0
0
0
0
0
0
0
0
0
0
0
0
13
14
15
16
25
26
27
28
29
30
39
40
41
42
226
227
262
263
264
265
266
267
268
269
270
271
272
273
302
303
304
305
308
309
310
311
0
0
0
0
0
0
0
0
0
0
0
0
15
16
17
18
19
27
28
29
30
31
32
43
44
233
234
240
241
268
269
270
271
272
273
274
275
276
277
278
279
280
281
314
315
316
317
0
0
0
0
0
0
0
0
0
0
0
0
0
17
18
19
20
21
31
32
33
34
35
36
45
46
240
241
246
247
278
279
280
281
282
283
284
285
286
287
288
289
290
291
320
321
322
323
0
0
0
0
0
0
0
0
0
0
0
0
0
21
22
23
24
34
35
36
37
38
48
49
50
252
253
286
287
288
289
290
291
292
293
294
295
296
297
327
328
329
332
333
334
335
0
0
0
0
0
0
0
0
0
0
0
0
0
0
0
23
24
25
26
27
28
35
36
37
38
39
40
51
52
258
259
264
265
292
293
294
295
296
297
298
299
300
301
302
303
304
305
338
339
340
341
0
0
0
0
0
0
0
0
0
0
0
0
25
26
27
28
29
30
39
40
41
42
43
44
53
54
264
265
270
271
302
303
304
305
306
307
308
309
310
311
312
313
314
315
344
345
346
347
0
0
0
0
0
0
0
0
0
0
0
0
29
30
31
32
41
42
43
44
45
46
55
56
57
58
276
277
310
311
312
313
314
315
316
317
318
319
320
321
350
351
352
353
356
357
358
359
0
0
0
0
0
0
0
0
0
0
0
0
31
32
33
34
35
43
44
45
46
47
48
59
60
282
283
288
316
317
318
319
320
321
322
323
324
325
326
327
328
362
363
364
365
0
0
0
0
0
0
0
0
0
0
0
0
0
0
0
34
35
36
37
38
48
49
50
51
52
62
288
289
294
295
327
328
329
330
331
332
333
334
335
336
337
338
339
369
370
371
0
37
38
39
40
49
50
51
52
53
54
63
64
65
66
300
301
334
335
336
337
338
339
340
341
342
343
344
345
374
375
376
377
380
381
382
383
0
0
0
0
0
0
0
0
0
0
0
0
39
40
41
42
43
44
51
52
53
54
55
56
67
68
306
307
312
313
340
341
342
343
344
345
346
347
348
349
350
351
352
353
386
387
388
389
0
0
0
0
0
0
0
0
0
0
0
0
41
42
43
44
45
46
55
56
57
58
59
60
69
70
312
313
318
319
350
351
352
353
354
355
356
357
358
359
360
361
362
363
392
393
394
395
0
0
0
0
0
0
0
0
0
0
0
0
45
46
47
57
58
59
60
61
71
72
73
74
324
325
358
359
360
361
362
363
364
365
366
367
368
398
399
400
401
404
405
406
407
0
0
0
0
0
0
0
0
0
0
0
0
0
0
0
47
48
49
50
51
52
59
61
62
63
64
76
330
331
336
337
364
366
368
369
370
371
372
373
374
375
376
377
411
412
413
0
49
50
51
52
53
54
63
64
65
66
67
68
77
78
336
337
342
343
374
375
376
377
378
379
380
381
382
383
384
385
386
387
416
417
418
419
0
0
0
0
0
0
0
0
0
0
0
0
53
54
55
56
65
66
67
68
69
70
79
80
81
82
348
349
382
383
384
385
386
387
388
389
390
391
392
393
422
423
424
425
428
429
430
431
0
0
0
0
0
0
0
0
0
0
0
0
55
56
57
58
59
60
67
68
69
70
71
72
83
84
354
355
360
361
388
389
390
391
392
393
394
395
396
397
398
399
400
401
434
435
436
437
0
0
0
0
0
0
0
0
0
0
0
0
57
58
59
60
61
71
72
73
74
75
85
86
360
361
366
367
398
399
400
401
402
403
404
405
406
407
408
409
410
440
441
442
443
0
0
0
0
0
0
0
0
0
0
0
0
0
0
0
61
62
63
64
73
74
75
76
77
78
87
88
90
372
373
406
407
408
409
410
411
412
413
414
415
416
417
446
447
448
449
453
454
455
0
0
0
0
0
0
0
0
0
0
0
0
0
0
63
64
65
66
67
68
76
77
78
79
80
91
92
378
379
384
385
412
413
414
415
416
417
418
419
420
421
422
423
424
425
458
459
460
461
0
0
0
0
0
0
0
0
0
0
0
0
0
65
66
67
68
69
70
79
80
81
82
83
84
93
94
384
385
390
391
422
423
424
425
426
427
428
429
430
431
432
433
434
435
464
465
466
467
0
0
0
0
0
0
0
0
0
0
0
0
69
70
71
72
81
82
83
84
85
86
95
96
97
98
396
397
430
431
432
433
434
435
436
437
438
439
440
441
470
471
472
473
476
477
478
479
0
0
0
0
0
0
0
0
0
0
0
0
71
72
73
74
75
83
84
85
86
87
88
99
100
402
403
408
409
436
437
438
439
440
441
442
443
444
445
446
447
448
449
482
483
484
485
0
0
0
0
0
0
0
0
0
0
0
0
0
73
74
75
76
77
87
88
89
90
91
92
101
102
408
409
414
415
446
447
448
449
450
451
452
453
454
455
456
457
458
459
488
489
490
491
0
0
0
0
0
0
0
0
0
0
0
0
0
77
78
79
80
90
91
92
93
94
104
105
106
420
421
454
455
456
457
458
459
460
461
462
463
464
465
495
496
497
500
501
502
503
0
0
0
0
0
0
0
0
0
0
0
0
0
0
0
79
80
81
82
83
84
91
92
93
94
95
96
107
108
426
427
432
433
460
461
462
463
464
465
466
467
468
469
470
471
472
473
506
507
508
509
0
0
0
0
0
0
0
0
0
0
0
0
81
82
83
84
85
86
95
96
97
98
99
100
109
110
432
433
438
439
470
471
472
473
474
475
476
477
478
479
480
481
482
483
512
513
514
515
0
0
0
0
0
0
0
0
0
0
0
0
85
86
87
88
97
98
99
100
101
102
111
112
113
114
444
445
478
479
480
481
482
483
484
485
486
487
488
489
518
519
520
521
524
525
526
527
0
0
0
0
0
0
0
0
0
0
0
0
87
88
89
90
91
99
100
101
102
103
104
115
116
450
451
456
484
485
486
487
488
489
490
491
492
493
494
495
496
530
531
532
533
0
0
0
0
0
0
0
0
0
0
0
0
0
0
0
90
91
92
93
94
104
105
106
107
108
118
456
457
462
463
495
496
497
498
499
500
501
502
503
504
505
506
507
537
538
539
0
93
94
95
96
105
106
107
108
109
110
119
120
121
122
468
469
502
503
504
505
506
507
508
509
510
511
512
513
542
543
544
545
548
549
550
551
0
0
0
0
0
0
0
0
0
0
0
0
95
96
97
98
99
100
107
108
109
110
111
112
123
124
474
475
480
481
508
509
510
511
512
513
514
515
516
517
518
519
520
521
554
555
556
557
0
0
0
0
0
0
0
0
0
0
0
0
97
98
99
100
101
102
111
112
113
114
115
116
125
126
480
481
486
487
518
519
520
521
522
523
524
525
526
527
528
529
530
531
560
561
562
563
0
0
0
0
0
0
0
0
0
0
0
0
101
102
103
113
114
115
116
117
127
128
129
130
492
493
526
527
528
529
530
531
532
533
534
535
536
566
567
568
569
572
573
574
575
0
0
0
0
0
0
0
0
0
0
0
0
0
0
0
103
104
105
106
107
108
115
117
118
119
120
132
498
499
504
505
532
534
536
537
538
539
540
541
542
543
544
545
579
580
581
0
105
106
107
108
109
110
119
120
121
122
123
124
133
134
504
505
510
511
542
543
544
545
546
547
548
549
550
551
552
553
554
555
584
585
586
587
0
0
0
0
0
0
0
0
0
0
0
0
109
110
111
112
121
122
123
124
125
126
135
136
137
138
516
517
550
551
552
553
554
555
556
557
558
559
560
561
590
591
592
593
596
597
598
599
0
0
0
0
0
0
0
0
0
0
0
0
111
112
113
114
115
116
123
124
125
126
127
128
139
140
522
523
528
529
556
557
558
559
560
561
562
563
564
565
566
567
568
569
602
603
604
605
0
0
0
0
0
0
0
0
0
0
0
0
113
114
115
116
117
127
128
129
130
131
141
142
528
529
534
535
566
567
568
569
570
571
572
573
574
575
576
577
578
608
609
610
611
0
0
0
0
0
0
0
0
0
0
0
0
0
0
0
117
118
119
120
129
130
131
132
133
134
143
144
146
540
541
574
575
576
577
578
579
580
581
582
583
584
585
614
615
616
617
621
622
623
0
0
0
0
0
0
0
0
0
0
0
0
0
0
119
120
121
122
123
124
132
133
134
135
136
147
148
546
547
552
553
580
581
582
583
584
585
586
587
588
589
590
591
592
593
626
627
628
629
0
0
0
0
0
0
0
0
0
0
0
0
0
121
122
123
124
125
126
135
136
137
138
139
140
149
150
552
553
558
559
590
591
592
593
594
595
596
597
598
599
600
601
602
603
632
633
634
635
0
0
0
0
0
0
0
0
0
0
0
0
125
126
127
128
137
138
139
140
141
142
151
152
153
154
564
565
598
599
600
601
602
603
604
605
606
607
608
609
638
639
640
641
644
645
646
647
0
0
0
0
0
0
0
0
0
0
0
0
127
128
129
130
131
139
140
141
142
143
144
155
156
570
571
576
577
604
605
606
607
608
609
610
611
612
613
614
615
616
617
650
651
652
653
0
0
0
0
0
0
0
0
0
0
0
0
0
129
130
131
132
133
143
144
145
146
147
148
157
158
576
577
582
583
614
615
616
617
618
619
620
621
622
623
624
625
626
627
656
657
658
659
0
0
0
0
0
0
0
0
0
0
0
0
0
133
134
135
136
146
147
148
149
150
160
161
162
588
589
622
623
624
625
626
627
628
629
630
631
632
633
663
664
665
668
669
670
671
0
0
0
0
0
0
0
0
0
0
0
0
0
0
0
135
136
137
138
139
140
147
148
149
150
151
152
163
164
594
595
600
601
628
629
630
631
632
633
634
635
636
637
638
639
640
641
674
675
676
677
0
0
0
0
0
0
0
0
0
0
0
0
137
138
139
140
141
142
151
152
153
154
155
156
165
166
600
601
606
607
638
639
640
641
642
643
644
645
646
647
648
649
650
651
680
681
682
683
0
0
0
0
0
0
0
0
0
0
0
0
141
142
143
144
153
154
155
156
157
158
167
168
169
170
612
613
646
647
648
649
650
651
652
653
654
655
656
657
686
687
688
689
692
693
694
695
0
0
0
0
0
0
0
0
0
0
0
0
143
144
145
146
147
155
156
157
158
159
160
171
172
618
619
624
652
653
654
655
656
657
658
659
660
661
662
663
664
698
699
700
701
0
0
0
0
0
0
0
0
0
0
0
0
0
0
0
146
147
148
149
150
160
161
162
163
164
174
624
625
630
631
663
664
665
666
667
668
669
670
671
672
673
674
675
705
706
707
0
149
150
151
152
161
162
163
164
165
166
175
176
177
178
636
637
670
671
672
673
674
675
676
677
678
679
680
681
710
711
712
713
716
717
718
719
0
0
0
0
0
0
0
0
0
0
0
0
151
152
153
154
155
156
163
164
165
166
167
168
179
180
642
643
648
649
676
677
678
679
680
681
682
683
684
685
686
687
688
689
722
723
724
725
0
0
0
0
0
0
0
0
0
0
0
0
153
154
155
156
157
158
167
168
169
170
171
172
181
182
648
649
654
655
686
687
688
689
690
691
692
693
694
695
696
697
698
699
728
729
730
731
0
0
0
0
0
0
0
0
0
0
0
0
157
158
159
169
170
171
172
173
183
184
185
186
660
661
694
695
696
697
698
699
700
701
702
703
704
734
735
736
737
740
741
742
743
0
0
0
0
0
0
0
0
0
0
0
0
0
0
0
159
160
161
162
163
164
171
173
174
175
176
666
667
672
673
700
702
704
705
706
707
708
709
710
711
712
713
747
748
749
0
0
161
162
163
164
165
166
175
176
177
178
179
180
188
672
673
678
679
710
711
712
713
714
715
716
717
718
719
720
721
722
723
751
752
753
754
0
0
0
0
0
0
0
0
0
0
0
0
0
165
166
167
168
177
178
179
180
181
182
189
190
684
685
718
719
720
721
722
723
724
725
726
727
728
729
756
757
758
759
761
762
763
764
0
0
0
0
0
0
0
0
0
0
0
0
0
0
167
168
169
170
171
172
179
180
181
182
183
184
191
690
691
696
697
724
725
726
727
728
729
730
731
732
733
734
735
736
737
766
767
768
769
0
0
0
0
0
0
0
0
0
0
0
0
0
169
170
171
172
173
183
184
185
186
187
192
696
697
702
703
734
735
736
737
738
739
740
741
742
743
744
745
746
771
772
773
774
173
174
175
176
177
185
186
187
188
193
708
709
714
742
743
744
745
746
747
748
749
750
751
752
753
776
777
778
779
0
0
0
175
176
177
178
179
180
188
189
190
714
715
720
721
749
750
751
752
753
754
755
756
757
758
759
760
761
762
0
0
0
0
0
179
180
181
182
183
184
189
190
191
726
727
732
733
758
759
760
761
762
763
764
765
766
767
768
769
0
0
0
0
0
0
0
181
182
183
184
185
186
191
192
193
732
733
738
739
766
767
768
769
770
771
772
773
774
775
776
777
0
0
0
0
0
0
0
185
186
187
192
193
744
745
773
774
775
776
777
778
779
780
781
